Date,Open,High,Low,Close,Volume,MACD,Signal Line,RSI,ATR,OBV,CMF,Buy,Higher
2020-01-02,55.32,55.43,54.759998,54.990002,11867700,0.4243970630362526,0.3710646751580974,65.0289639649143,0.5042866428571428,26723300,0.0889860266518339,False,False
2020-01-03,54.32,54.990002,54.09,54.689999,11354500,0.380533004227253,0.3729583409719285,57.70309417886975,0.5321437857142851,15368800,0.0479840412215745,False,False
2020-01-06,54.650002,54.91,54.52,54.669998,14698300,0.3402344965651949,0.3664135720905818,53.77643960899046,0.5092867142857135,670500,-0.0053768075509482,False,False
2020-01-07,54.450001,54.599998,54.150002,54.25,9973900,0.2712801615414761,0.3473868899807607,47.72120276869079,0.5135719285714276,-9303400,-0.0498318638817476,True,False
2020-01-08,54.27,54.639999,54.150002,54.349998,10676000,0.222141646505328,0.3223378412856742,49.08615997109132,0.5278573571428561,1372600,-0.0077128133322867,True,False
2020-01-09,55.0,55.400002,54.84,55.34,15398000,0.2600857997219563,0.3098874329729306,66.58934254231335,0.5414289999999993,16770600,0.079371848671674,True,False
2020-01-10,55.48,55.93,55.450001,55.529999,13040100,0.3020067995387165,0.3083113062860878,64.79218189753288,0.55285757142857,29810700,0.0315141830158468,True,False
2020-01-13,55.529999,56.23,55.419998,56.130001,14302900,0.3792726221924312,0.3225035694673565,64.35644985787116,0.5478576428571412,44113600,0.0895446606549376,False,False
2020-01-14,56.240002,56.290001,55.830002,56.0,16345300,0.4251158778648118,0.3430260311468476,63.26035353805708,0.5521431428571414,27768300,0.0334581642824265,True,False
2020-01-15,56.0,56.98,56.0,56.700001,17735400,0.5120288687435703,0.3768265986661921,71.58355451935319,0.5964287857142843,45503700,0.0958236793821658,True,True
2020-01-16,56.849998,56.950001,56.610001,56.82,10234100,0.5838605753438131,0.4182333940017164,70.36201859097548,0.5985715714285702,55737800,0.1095395957127374,True,True
2020-01-17,56.869999,57.150002,56.799999,56.939999,14264300,0.6430578659811061,0.4631982883975943,68.88364475492256,0.591428857142856,70002100,0.1587177411767157,True,True
2020-01-21,56.849998,57.25,56.57,57.169998,11968900,0.7004567134492845,0.5106499734079324,71.78898787980538,0.6164289999999986,81971000,0.1471295830119612,True,False
2020-01-22,57.25,57.639999,57.18,57.610001,12869600,0.772544862167102,0.5630289511597664,73.94070467357952,0.6214289999999986,94840600,0.1648651038685322,True,True
2020-01-23,57.380001,57.849998,57.240002,57.830002,12858900,0.8377701882318576,0.6179771985741846,81.0043261952059,0.6171428571428562,107699500,0.2413460460115785,False,True
2020-01-24,57.849998,57.869999,57.459999,57.68,8594300,0.8673594415506045,0.6678536471694687,83.747151526917,0.5821427142857135,99105200,0.2474146440869508,False,True
2020-01-27,57.209999,57.849998,57.130001,57.48,14359900,0.8647030509422109,0.7072235279240172,80.47721867486445,0.6057139285714283,84745300,0.2116936294259802,False,True
2020-01-28,57.450001,57.75,56.970001,57.009998,15240200,0.8152746303693448,0.7288337484130828,79.61366160744794,0.6242855714285709,69505100,0.1346562683029644,False,False
2020-01-29,57.0,57.259998,56.66,57.009998,13163600,0.7672577808564824,0.7365185549017628,79.16660270481869,0.6321427857142855,56341500,0.1328397847446737,True,False
2020-01-30,57.93,58.98,57.759998,58.860001,20225600,0.8684726505446179,0.7629093740303338,82.47226804521247,0.6978569285714278,76567100,0.1619490417890376,False,True
2020-01-31,58.970001,59.080002,58.150002,58.400002,17685200,0.901179848727125,0.7905634689696921,75.21966126251785,0.7221426428571424,58881900,0.1423135035560629,True,False
2020-02-03,58.75,58.970001,58.52,58.580002,12333600,0.9308942649814896,0.8186296281720516,73.24475157442811,0.7049995714285713,71215500,0.0953202051036755,True,False
2020-02-04,58.75,59.450001,58.619999,58.84,15417900,0.964306890081268,0.847765080553895,76.29626707822185,0.7342852857142859,86633400,0.0811487610960419,True,True
2020-02-05,58.900002,59.080002,58.540001,58.849998,11414900,0.9802931816542468,0.8742707007739654,72.82373280866281,0.7028567857142863,98048300,0.1067308554252915,True,False
2020-02-06,58.98,59.34,58.84,58.990002,9347000,0.9928150319561057,0.8979795670103935,72.93867156250057,0.7142853571428576,107395300,0.1008209465166382,True,True
2020-02-07,58.880001,59.32,58.849998,59.189999,8757800,1.0072656436517915,0.9198367823386732,73.38874421362473,0.7228567142857146,116153100,0.0730010245891568,True,True
2020-02-10,59.32,59.84,59.290001,59.75,7984900,1.051780981662354,0.9462256222034094,75.09725665796635,0.7207139285714292,124138000,0.127448235140746,False,True
2020-02-11,59.720001,59.799999,59.32,59.59,7431200,1.0619080301702084,0.9693621037967692,70.37033912516563,0.7214280714285718,116706800,0.092725042428426,False,True
2020-02-12,59.48,59.77,59.32,59.41,9179100,1.0433818370618797,0.9841660504497912,66.39000714522228,0.7099997857142861,107527700,0.0904194108225201,True,True
2020-02-13,59.380001,59.84,59.209999,59.610001,8173200,1.03293111782245,0.9939190639243232,69.81519313232457,0.7257141428571435,115700900,0.0716586135653997,True,True
2020-02-14,59.630001,60.07,59.619999,59.950001,9965500,1.0400944447109597,1.0031541400816506,74.65069382193991,0.7071428571428581,125666400,0.0810349533071134,False,True
2020-02-18,59.810001,59.93,59.450001,59.529999,10075700,1.000349376663948,1.0025931873981102,75.40322052224559,0.6871429285714298,115590700,0.0661652039168238,True,True
2020-02-19,59.509998,60.0,59.470001,59.77,6265700,0.976955464357438,0.9974656427899758,76.53846035503047,0.6821430000000005,121856400,0.0318105792556429,False,True
2020-02-20,59.68,59.860001,59.110001,59.720001,7597200,0.9435049807627962,0.98667351038454,62.647058823529456,0.5950000000000009,114259200,0.0041094428702053,True,False
2020-02-21,59.509998,60.130001,59.43,60.130001,10842400,0.9392516961144252,0.977189147530517,75.82087288929156,0.5785715000000009,125101600,-0.0010909337528141,False,True
2020-02-24,59.110001,59.799999,58.57,58.650002,14415500,0.8071530292689602,0.9431819238782058,50.752688172043015,0.6492859285714293,110686100,-0.0583513762400432,False,False
2020-02-25,58.700001,59.200001,57.619999,57.82,15915100,0.6282476118912399,0.8801950614808126,40.22989254414364,0.7000004285714293,94771000,-0.1075941961391203,False,False
2020-02-26,57.98,58.470001,57.48,57.599998,15837800,0.4633700158045215,0.7968300523455545,38.489888044363866,0.7321432857142867,78933200,-0.1000817057485928,False,False
2020-02-27,57.150002,57.889999,54.880001,54.93,23754000,0.1159205486049046,0.6606481515974246,24.497481282039946,0.9114288571428584,55179200,-0.1994094892139394,False,True
2020-02-28,53.830002,53.889999,51.580002,53.490002,40890600,-0.272490362148126,0.4740204488483145,19.02176553638084,1.117142857142858,14288600,-0.1439431927515929,True,False
2020-03-02,53.93,55.959999,53.700001,55.919998,25698600,-0.3798497667307146,0.3032464057325087,32.70098151779253,1.2471425714285729,39987200,-0.0181795248883678,True,True
2020-03-03,56.759998,57.490002,55.639999,56.060001,27099200,-0.4484661575947939,0.1529038930670482,34.02715529166018,1.3450000000000009,67086400,-0.0373420335677505,True,True
2020-03-04,56.41,59.0,56.41,58.919998,20526100,-0.2689668039117237,0.0685297536712938,48.21557876410471,1.522857071428572,87612500,0.0543336119493321,False,True
2020-03-05,57.799999,58.169998,56.189999,56.740002,17948500,-0.2991710732037731,-0.0050104117037195,40.86568975555878,1.6728569285714292,69664000,0.0206660967920345,False,False
2020-03-06,54.939999,55.91,53.98,55.259998,22353900,-0.4374890269430835,-0.0915061347515923,36.08307467354447,1.8371428571428576,47310100,0.0553179478702895,False,True
2020-03-09,52.049999,53.580002,51.48,51.860001,27898300,-0.8120969960899131,-0.2356243070192565,30.660612470242057,2.071428428571429,19411800,-0.0137238557580973,True,False
2020-03-10,53.220001,53.799999,51.169998,53.66,27457400,-0.9527489377737268,-0.3790492331701506,35.717618381308256,2.2214285714285724,46869200,0.0418970795642033,False,False
2020-03-11,52.349998,52.650002,51.139999,52.209999,22653900,-1.1677583856710283,-0.5367910636703261,33.52346503675825,2.347857214285715,24215300,0.0635262361235115,False,False
2020-03-12,48.540001,49.93,46.689999,47.16,31913100,-1.725754216523093,-0.7745836942408796,26.357992607434696,2.692142857142858,-7697800,0.0155221870777158,True,False
2020-03-13,49.509998,49.560001,46.610001,48.470001,33697200,-2.0387622182844183,-1.0274193990495872,31.32794641583365,2.791428500000001,25999400,0.0305264613649701,False,False
2020-03-16,42.240002,47.880001,41.169998,45.259998,28682300,-2.516831265609852,-1.3253017723616405,28.812407991715546,3.200000000000001,-2682900,0.0329866057422751,True,False
2020-03-17,45.880001,47.5,45.369999,47.18,32106700,-2.709542396527389,-1.6021498971947905,33.37587748102314,3.2892857857142865,29423800,0.0957137225005153,False,False
2020-03-18,44.740002,45.150002,41.59,44.849998,35408300,-3.0155180301918136,-1.884823523794195,33.74193120915686,3.473571642857143,-5984500,0.1492124995168512,False,False
2020-03-19,44.360001,44.66,41.040001,41.830002,41956900,-3.461789013487966,-2.2002166217329493,32.10558405225096,3.5064287142857147,-47941400,0.0843606975067296,False,True
2020-03-20,41.950001,42.07,37.509998,38.299999,51513500,-4.053576615631812,-2.570888620512722,23.842046569888964,3.655714785714285,-99454900,-0.00159167761098,False,False
2020-03-23,38.759998,38.889999,36.27,37.560001,44978500,-4.530064445053547,-2.9627237854208874,23.016334481699783,3.7107145,-144433400,0.0186402992260028,True,False
2020-03-24,41.220001,41.400002,38.830002,39.450001,49096200,-4.700987223716695,-3.310376473080049,20.77454756005561,3.7750003571428574,-95337200,-0.00411274832619,True,False
2020-03-25,40.630001,43.450001,39.91,41.610001,42511700,-4.609020885361986,-3.5701053555364366,27.2754600066897,3.8657147142857142,-52825500,0.0119744924308817,True,False
2020-03-26,42.84,45.27,42.450001,44.290001,37821700,-4.2706538580429125,-3.710215056037732,34.09684447385199,3.930000214285715,-15003800,0.0638168872505184,False,False
2020-03-27,43.66,44.029999,42.400002,42.810001,23297900,-4.074945744239734,-3.783161193678133,36.106848497777285,3.7950002857142855,-38301700,0.0061329392730958,True,False
2020-03-30,43.040001,45.560001,43.040001,45.0,23446000,-3.700474273376969,-3.7666238096179,36.86286567198232,3.803571642857143,-14855700,-0.012158059491079,False,False
2020-03-31,45.07,45.509998,44.060001,44.25,25373900,-3.4247433571924404,-3.698247719132808,37.66274293278894,3.7271427857142863,-40229600,-0.0183245707057393,False,False
2020-04-01,42.48,43.650002,41.799999,42.119999,21936400,-3.339601056965904,-3.626518386699428,41.41104270432128,3.5078571428571435,-62166000,-0.0706253056977004,True,False
2020-04-02,42.220001,44.189999,41.860001,43.950001,17621900,-3.088852929358602,-3.5189852952312624,42.43134780348001,3.4635712857142864,-44544100,-0.0364274390142342,False,False
2020-04-03,43.580002,44.34,43.310001,43.830002,14207100,-2.8667698102433903,-3.3885421982336883,47.32910740910665,3.015713857142857,-58751200,-0.0481949002083878,True,False
2020-04-06,45.389999,47.009998,44.689999,46.669998,22850000,-2.433550935606185,-3.197543945708188,49.07908617971631,3.0828562857142865,-35901200,0.0054397779317958,False,False
2020-04-07,48.5,48.599998,46.48,46.509998,21279600,-2.079165196951891,-2.9738681959569284,53.25235186183822,2.834999000000001,-57180800,-0.0671524584823828,True,False
2020-04-08,46.639999,48.09,46.330002,47.82,18937100,-1.6733167783828335,-2.7137579124421096,62.57874422511551,2.6885705000000013,-38243700,-0.0616149676441291,True,True
2020-04-09,48.439999,49.73,48.349998,49.0,19165300,-1.2421441794653916,-2.419435165846766,74.93010833132922,2.499284642857144,-19078400,-0.0273547089253402,False,False
2020-04-13,48.349998,48.639999,46.5,46.93,19586000,-1.0553036056187963,-2.146608853801172,70.55726066508385,2.490713285714287,-38664400,-0.0626662115415835,True,False
2020-04-14,47.939999,49.25,46.93,48.919998,21801900,-0.7381460095211025,-1.8649162849451584,70.68588519255815,2.382141785714287,-16862500,-0.0474757641006057,False,False
2020-04-15,47.709999,48.400002,47.41,47.610001,12893200,-0.5857499782819389,-1.6090830236125144,63.61161895053148,2.2042845000000013,-29755700,-0.1023750660143331,False,True
2020-04-16,47.400002,47.849998,46.759998,47.099998,17606800,-0.5003601648805116,-1.3873384518661138,57.070954766626286,2.020713142857144,-47362500,-0.171524502305471,True,True
2020-04-17,48.299999,48.299999,47.369999,48.060001,19844600,-0.3511757678864526,-1.1801059150701816,63.565891472868216,1.9714275714285725,-27517900,-0.1155043018917603,False,False
2020-04-20,47.790001,48.0,46.310001,46.529999,18957900,-0.3523428441117744,-1.0145533008785002,54.0930945810977,1.899999000000001,-46475800,-0.0833031684435671,False,True
2020-04-21,45.880001,46.900002,44.259998,45.380001,26863700,-0.4409796491987237,-0.8998385705425449,52.95966721007505,1.9849995000000007,-73339500,-0.093601251383156,True,False
2020-04-22,46.049999,46.150002,45.5,45.68,15811600,-0.4814674862417831,-0.8161643536823926,60.31286560329465,1.8649995000000008,-57527900,-0.0591119060045868,False,True
2020-04-23,45.950001,46.099998,44.970001,45.07,17668200,-0.5563628857912875,-0.7642040601041715,53.491269356222446,1.779285142857143,-75196100,-0.0934750157793686,True,False
2020-04-24,45.5,45.75,45.119999,45.43,15175000,-0.5799833511273178,-0.7273599183088009,54.91399937518421,1.7542852142857142,-60021100,-0.1287050308690195,True,False
2020-04-27,46.0,46.98,45.709999,46.779999,19175500,-0.4841876889133516,-0.678725472429711,50.37187624260471,1.6378569285714282,-40845600,-0.0667297384913557,False,False
2020-04-28,47.900002,48.0,46.57,46.740002,17246700,-0.406806942860662,-0.6243417665159012,50.78392648724285,1.5885713571428564,-58092300,-0.1359617338823145,True,False
2020-04-29,47.27,47.860001,46.880001,47.119999,15780000,-0.3112318746671221,-0.5617197881461454,47.4526879307726,1.542857142857142,-42312300,-0.1109390075784393,False,False
2020-04-30,47.0,47.0,45.700001,45.889999,20801100,-0.3309239793625878,-0.5155606263894339,38.723703485563775,1.5078569999999991,-63113400,-0.1122763207999468,False,False
2020-05-01,45.619999,46.389999,45.209999,45.599998,14290400,-0.3657150359831078,-0.4855915083081687,44.46293645109231,1.413571285714285,-77403800,-0.1642032613118037,False,True
2020-05-04,45.32,45.48,44.599998,45.139999,22544200,-0.4255003705321414,-0.4735732807529633,31.96564502177722,1.3192855714285707,-99948000,-0.1474043430013081,True,True
2020-05-05,45.360001,46.099998,45.150002,45.400002,13370500,-0.4467507452297425,-0.4682087736483191,38.28208501780647,1.2799999285714274,-86577500,-0.2121638691076762,False,True
2020-05-06,45.400002,45.630001,44.720001,44.75,11892900,-0.5101607340072931,-0.4765991657201139,37.722058516196434,1.2671427857142843,-98470400,-0.1910820003133531,False,True
2020-05-07,45.150002,45.240002,44.5,44.599998,16466000,-0.5659930986164028,-0.4944779522993717,30.25112217478562,1.2342857142857129,-114936400,-0.2628440686078055,True,True
2020-05-08,45.080002,46.220001,44.880001,46.110001,13985100,-0.4828302606478516,-0.4921484139690677,47.597265446224256,1.225000214285713,-100951300,-0.2303264026227181,False,True
2020-05-11,45.689999,46.110001,45.52,45.540001,10874600,-0.457641937331779,-0.48524711864161,50.9803919165706,1.0785714285714272,-111825900,-0.2315763135461754,False,False
2020-05-12,45.599998,45.849998,44.799999,44.82,13424400,-0.4901281804621291,-0.4862233310057138,44.9883473247798,1.0985712857142842,-125250300,-0.3225685691084165,False,False
2020-05-13,44.709999,44.779999,43.52,43.939999,15854800,-0.5801943688923217,-0.5050175385830354,43.61581716620498,1.1107143571428555,-141105100,-0.3126342031881153,False,True
2020-05-14,43.380001,44.060001,43.23,43.700001,18000800,-0.6632922843986861,-0.5366724877461656,40.091647162091455,1.1214287142857131,-159105900,-0.2856199139379813,False,True
2020-05-15,43.959999,44.689999,43.200001,43.259998,31579400,-0.7559385568392969,-0.5805257015647919,27.4936198906216,1.117142857142856,-190685300,-0.3865078155748617,True,False
2020-05-18,44.82,45.389999,44.130001,44.970001,26118500,-0.6834994875909004,-0.6011204587700136,40.67440160514008,1.1671429285714277,-164566800,-0.3150751016002794,False,False
2020-05-19,45.009998,45.330002,44.25,44.540001,17839900,-0.653258057409488,-0.6115479784979085,36.4780205819361,1.164285999999999,-182406700,-0.335288235827856,True,False
2020-05-20,45.200001,46.169998,45.02,45.889999,22295900,-0.514427944789766,-0.5921239717562801,50.0,1.179285928571428,-160110800,-0.2769691965400918,False,False
2020-05-21,46.080002,46.09,45.029999,45.169998,13193500,-0.4572314640217172,-0.5651454702093676,47.86918035990832,1.1707145714285712,-173304300,-0.266699957687121,False,False
2020-05-22,45.220001,45.310001,44.650002,45.029999,13008400,-0.4183768028613173,-0.5357917367397576,49.43705300729352,1.1464287857142854,-186312700,-0.2620013945757711,True,True
2020-05-26,46.919998,46.93,45.93,46.09,22223100,-0.2986088056232674,-0.4883551505164595,53.26394142220464,1.213571785714286,-164089600,-0.3402509567036507,True,False
2020-05-27,47.0,47.09,46.169998,46.73,18447600,-0.1503163997458969,-0.4207474003623471,59.37499112216747,1.2200003571428577,-145642000,-0.2903490576024423,True,False
2020-05-28,47.299999,47.459999,46.82,47.09,16230600,-0.003701934745159,-0.3373383072389094,61.55988927770528,1.2192858571428584,-129411400,-0.2743296528342796,False,False
2020-05-29,46.68,47.189999,46.139999,46.68,51125000,0.0785025826741758,-0.2541701292562924,52.94725287112055,1.1785713571428578,-180536400,-0.2103207805269299,True,False
2020-06-01,46.66,47.23,46.59,46.990002,17010700,0.1667427193112658,-0.1699875595427807,57.704569188949584,1.182142714285715,-163525700,-0.1852377760720592,False,False
2020-06-02,47.16,47.279999,46.560001,46.900002,15255100,0.2267970403880639,-0.0906306395566118,61.84510580061104,1.1585712142857147,-178780800,-0.204596242367906,True,False
2020-06-03,47.27,48.119999,47.119999,47.900002,15508300,0.3510356447600458,-0.0022973826932803,72.24719536674412,1.152856714285715,-163272500,-0.1639596765557643,True,False
2020-06-04,47.939999,48.27,47.380001,47.919998,13604700,0.4459682989573466,0.087355753636845,74.30873007762779,1.1571422857142863,-149667800,-0.126546037664031,True,False
2020-06-05,48.540001,49.490002,48.459999,49.09,20504800,0.6085969676423346,0.1916039964379429,80.9776873586211,1.1628570000000005,-129163000,-0.0822407045316213,True,False
2020-06-08,49.540001,49.970001,49.470001,49.849998,19896700,0.7897036343597179,0.311223924022298,78.84160006203302,1.073571285714286,-109266300,-0.084426486194791,False,False
2020-06-09,49.59,49.59,48.68,49.0,16713700,0.8547907420800698,0.4199372876338524,75.11262112197133,1.0799995714285715,-125980000,-0.0701711910465009,False,False
2020-06-10,49.16,49.27,48.57,48.619999,15716600,0.8657302396720183,0.5090958780414856,67.25664153138847,1.0135712142857147,-141696600,-0.0711648770702404,False,False
2020-06-11,47.810001,47.919998,45.459999,45.540001,26070400,0.6187373532876848,0.5310241730907255,51.80137867642584,1.1635711428571425,-167767000,-0.115914629822229,True,True
2020-06-12,46.209999,46.25,45.009998,45.599998,21822700,0.4229593556556565,0.5094112096037118,52.796856680863286,1.204999928571428,-145944300,-0.1231547856293892,True,True
2020-06-15,44.57,46.450001,44.470001,46.299999,15622300,0.3205925215490097,0.4716474719927713,51.0681543720326,1.210714142857142,-130322000,-0.0218855349035371,True,False
2020-06-16,47.560001,47.689999,46.189999,46.77,18803500,0.2742300672312865,0.4321639910404744,50.20703946607009,1.2464284285714275,-111518500,-0.055471195005728,False,True
2020-06-17,46.779999,47.060001,46.439999,46.580002,12602800,0.2196245424270131,0.3896561013177822,47.31296928385186,1.2385714999999986,-124121300,-0.0527289089400739,True,False
2020-06-18,46.299999,47.040001,46.07,46.990002,9380800,0.2070461450170952,0.3531341100576448,51.633310122916846,1.232857285714284,-114740500,-0.0626716160053145,False,False
2020-06-19,47.77,47.790001,46.02,46.02,30464600,0.1174526981002941,0.3059978276661746,45.22166125845225,1.3135716428571411,-145205100,-0.1131154981570925,False,True
2020-06-22,46.029999,46.150002,45.380001,45.740002,20876200,0.0235838870047899,0.2495150395338977,44.390710242466376,1.3171432857142844,-166081300,-0.1192391317242521,False,True
2020-06-23,46.0,46.290001,45.580002,45.639999,14675300,-0.0582062628507102,0.1879707790569761,38.02963625078961,1.2807148571428555,-180756600,-0.1140726972889496,False,True
2020-06-24,45.369999,45.439999,44.5,44.650002,17631800,-0.2005976650127081,0.1102570902430393,34.29395828662344,1.2985719999999985,-198388400,-0.1554264893729276,True,True
2020-06-25,44.470001,44.98,44.029999,44.93,13829700,-0.2875358443132754,0.0306985033317763,28.15123755382095,1.2542860714285702,-184558700,-0.1178749510821642,False,True
2020-06-26,44.919998,45.009998,43.509998,43.57,21955100,-0.4608630691862245,-0.0676138111718238,18.972317369420864,1.298571714285713,-206513800,-0.1879912805803866,True,True
2020-06-29,44.0,44.57,43.549999,44.360001,17603900,-0.5283887289107625,-0.1597687947196115,26.938363289444965,1.2878576428571418,-188909900,-0.1706597991269684,True,False
2020-06-30,44.25,44.830002,44.040001,44.68,23679800,-0.5497449383369855,-0.2377640234430863,30.299991209993863,1.2942862857142845,-165230100,-0.1244085128557514,True,False
2020-07-01,44.93,45.529999,44.709999,44.82,14316500,-0.5490440204989895,-0.300020022854267,44.90083916490029,1.1292862142857132,-150913600,-0.1771967778974535,True,False
2020-07-02,45.290001,45.43,44.799999,44.880001,15111900,-0.5374515518737937,-0.3475063286581723,44.900870382559546,1.085714714285713,-135801700,-0.2150728707446045,True,False
2020-07-06,45.139999,45.27,44.610001,45.23,15146000,-0.4943241812771433,-0.3768698991819665,42.02682952019201,0.9914289285714284,-120655700,-0.1941321348235189,False,False
2020-07-07,45.0,45.5,44.799999,45.209999,13043600,-0.4564971281740426,-0.3927953449803818,37.53992214373263,0.9342861428571426,-133699300,-0.2207198576165762,False,False
2020-07-08,45.139999,45.18,44.470001,45.07,13851200,-0.4328263130286061,-0.4008015385900267,37.84216999747823,0.9428572857142856,-147550500,-0.1812925810187509,False,False
2020-07-09,45.049999,45.049999,43.830002,43.91,16087100,-0.5018839215268756,-0.4210180151773965,27.873542492397235,0.9621427857142858,-163637600,-0.1825370778402716,True,False
2020-07-10,43.880001,45.25,43.860001,45.150002,15627800,-0.4513518720992877,-0.4270847865617747,43.98341465654623,0.9349997857142864,-148009800,-0.077759577840965,True,False
2020-07-13,45.529999,45.68,44.959999,45.25,16705300,-0.3986405755722728,-0.4213959443638744,46.524807524768114,0.9314283571428577,-131304500,-0.0854452292201694,True,False
2020-07-14,44.91,45.939999,44.669998,45.869999,17080100,-0.303341028998993,-0.3977849612908981,51.51915576155013,0.9714285000000008,-114224400,-0.0793396769896001,True,False
2020-07-15,46.299999,47.189999,46.200001,46.400002,23738000,-0.1829398226638119,-0.3548159335654809,62.30661040787623,0.9842857142857148,-90486400,-0.1069838557736302,False,False
2020-07-16,46.259998,46.689999,45.939999,46.150002,13306100,-0.1064666288380848,-0.3051460726200017,58.6158308994828,0.9699999285714292,-103792500,-0.1036948758999868,True,False
2020-07-17,46.470001,46.91,46.130001,46.82,13899800,0.0081086954280849,-0.2424951190103844,75.43035993740219,0.918571285714286,-89892700,-0.0958154022501684,False,False
2020-07-20,46.720001,46.830002,45.849998,46.119999,16633200,0.0419427449764668,-0.1856075462130142,63.968238095238114,0.9157143571428576,-106525900,-0.0310857977043114,True,True
2020-07-21,47.52,47.990002,46.93,47.200001,25681500,0.1541269291528308,-0.1176606511398452,67.84702499418202,0.992857357142857,-80844400,-0.06375182228996,True,False
2020-07-22,47.93,48.52,47.029999,48.48,29831200,0.3423722708391139,-0.0256540667440533,72.31706772754444,1.0385717857142862,-51013200,0.0529210747355333,False,False
2020-07-23,48.470001,48.57,48.029999,48.279999,15935000,0.4700017633757909,0.0734770992799154,70.38367616698412,1.0321432142857152,-66948200,0.0838332738053972,True,False
2020-07-24,48.400002,48.799999,48.07,48.490002,16196800,0.5813926106523866,0.1750602015544097,69.87804643069774,1.0371432142857149,-50751400,0.0553279133926019,False,False
2020-07-27,48.18,48.509998,48.18,48.48,17346500,0.6612412048360099,0.2722964022107297,69.96335900567601,1.0107144285714291,-68097900,0.154085884276873,False,False
2020-07-28,48.34,49.279999,48.099998,48.18,13872700,0.6923335084860156,0.3563038234657869,68.62273664887505,1.0421432142857143,-81970600,0.0913587648145398,False,True
2020-07-29,48.139999,48.5,47.82,48.02,13758100,0.6960402021321954,0.4242510991990686,77.95915324173804,1.0021433571428575,-95728700,0.0336842374438658,False,True
2020-07-30,47.669998,48.23,47.200001,47.689999,17276500,0.6646873586682887,0.4723383510929126,69.7204521672104,0.9764290714285712,-113005200,0.0617237406462373,False,True
2020-07-31,47.439999,47.77,46.73,47.240002,14849200,0.5966511837758475,0.4972009176294997,64.6539045768148,0.9992861428571436,-127854400,0.0941029353896756,False,False
2020-08-03,47.139999,47.360001,46.23,46.299999,14137500,0.4615610503555487,0.4900729441747095,53.02390573290333,0.9892861428571434,-141991900,0.018551365230568,True,False
2020-08-04,46.290001,46.860001,46.220001,46.689999,11717200,0.381572358355541,0.4683728270108758,52.08032072277689,0.9407147142857144,-130274700,0.0282718023346491,True,False
2020-08-05,46.900002,47.27,46.810001,47.220001,10498700,0.3568341141007707,0.4460650844288548,57.37929428777263,0.9285719285714288,-119776000,0.0245370385487616,True,False
2020-08-06,46.66,47.529999,46.599998,47.48,10745000,0.3541264741393348,0.4276773623709509,54.82455435006672,0.9392863571428576,-109031000,0.0966035910437228,True,False
2020-08-07,47.470001,48.080002,47.209999,47.799999,11669700,0.3734964602192434,0.4168411819406094,63.00307987234692,0.9314291428571428,-97361300,0.0693972081656132,False,False
2020-08-10,48.060001,48.279999,47.66,47.720001,11888000,0.3780343984844734,0.4090798252493822,54.761901273332434,0.8421431428571431,-109249300,0.0506366399262059,True,False
2020-08-11,48.459999,48.650002,47.700001,47.93,16531600,0.3940337358890247,0.4060706073773107,43.73576880567765,0.8035717142857141,-92717700,-0.0235274849253979,True,False
2020-08-12,48.299999,48.689999,48.119999,48.43,9562200,0.4419644562386011,0.4132493771495689,51.59915675960125,0.8192858571428567,-83155500,0.024459321963634,False,True
2020-08-13,48.259998,48.73,48.060001,48.380001,9882900,0.4704918587205853,0.4246978734637722,48.78586065913042,0.8150001428571423,-93038400,0.0426625706507298,True,False
2020-08-14,48.34,48.689999,48.029999,48.450001,10075800,0.4930647027310257,0.4383712393172229,49.67321329403922,0.8385717142857138,-82962600,0.0165596493328113,False,False
2020-08-17,48.32,48.75,48.200001,48.209999,9102400,0.4859855497166307,0.4478941013971045,50.331114863380805,0.793571571428571,-92065000,0.0125026659163322,True,False
2020-08-18,48.200001,48.5,47.959999,48.419998,9829000,0.4916529648795205,0.4566458740935877,54.36679229990927,0.7835716428571422,-82236000,0.0842640498266135,False,False
2020-08-19,48.119999,48.380001,47.220001,47.369999,17371000,0.4067297606352866,0.4466626514019275,46.981129797079085,0.7957143571428565,-99607000,-0.0684863045871239,False,False
2020-08-20,47.27,47.599998,47.09,47.349998,11308700,0.3339638682999464,0.4241228947815313,51.12932238193022,0.7578570714285701,-110915700,-0.0642736761174826,False,False
2020-08-21,47.34,47.5,46.970001,47.279999,14734100,0.2675637319312258,0.3928110622114702,62.25001225001225,0.7149997857142841,-125649800,-0.0644017335570362,True,False
2020-08-24,47.43,47.98,47.18,47.970001,9257700,0.2675345683154972,0.3677557634322757,64.8837511087215,0.7264283571428558,-116392100,-0.0873286493801181,False,True
2020-08-25,48.0,48.049999,47.650002,47.91,7827800,0.2596764877810642,0.3461399083020334,59.00782689908103,0.7135709285714269,-124219900,-0.0302594870123828,True,True
2020-08-26,47.759998,48.18,47.470001,48.16,10124200,0.2705036157067226,0.3310126497829713,58.90052822017182,0.6978564999999983,-114095700,0.0331199017435133,True,False
2020-08-27,48.25,48.82,48.200001,48.23,10931600,0.2814877915378559,0.3211076781339482,56.02242465614132,0.6828562857142845,-103164100,-0.0049111041268952,True,False
2020-08-28,48.75,49.849998,48.529999,49.830002,16420300,0.4145212764022687,0.3397903977876124,70.72691312755603,0.7542847857142847,-86743800,0.0645022759561363,False,False
2020-08-31,49.799999,50.07,49.349998,49.529999,18510800,0.4900940377473048,0.3698511257795508,65.44398492125582,0.7378562857142847,-105254600,0.0764713980426509,False,False
2020-09-01,49.310001,49.349998,48.830002,49.119999,12588400,0.5110117962056933,0.3980832598647793,56.77797692616138,0.7335704285714273,-117843000,0.0592792460688764,True,False
2020-09-02,49.360001,51.360001,49.360001,51.189999,26332600,0.6867050622775821,0.4558076203473399,69.76086384150338,0.8457134999999987,-91510400,0.1091468481950171,False,False
2020-09-03,51.400002,52.139999,50.099998,50.48,22289400,0.7598926859831749,0.5166246334745069,63.09675591260751,0.9442849999999988,-113799800,0.0158651586092992,True,False
2020-09-04,50.939999,51.470001,50.279999,51.040001,21019500,0.8532461155418787,0.5839489298879813,67.53407618284291,0.9899994999999993,-92780300,0.0213897535056399,False,True
2020-09-08,50.93,51.040001,49.360001,49.810001,17776700,0.8185430063295556,0.6308677451762962,57.64577519027211,1.0714279999999994,-110557000,0.0256800873627324,True,True
2020-09-09,49.599998,50.759998,49.549999,50.189999,15252300,0.8123390659913596,0.6671620093393089,66.74583129750735,1.0721424285714285,-95304700,0.0593781117754393,False,False
2020-09-10,50.349998,50.68,49.950001,50.0,15439500,0.7830643883361788,0.6903424851386829,65.42491714788488,1.0878567857142858,-110744200,0.0086488952302689,True,True
2020-09-11,50.400002,51.200001,50.099998,51.060001,18272300,0.8357630609614688,0.7194266003032401,69.72859933490645,1.1357140714285718,-92471900,0.0561627570369758,False,False
2020-09-14,50.970001,51.23,50.57,50.709999,10911700,0.8396064419532365,0.7434625686332395,64.82681937652421,1.1257140714285718,-103383600,0.0254228993540816,True,True
2020-09-15,51.0,51.380001,50.84,51.049999,12838400,0.8601719804288095,0.7668044509923535,66.4915827250091,1.145000142857143,-90545200,0.0448969608822898,False,False
2020-09-16,50.950001,51.450001,50.740002,50.790001,15353900,0.8457414709104754,0.7825918549759779,63.79853185775493,1.1450001428571437,-105899100,-0.0219405963571824,False,True
2020-09-17,50.220001,50.630001,49.939999,50.549999,13287100,0.8056519780296085,0.7872038795867041,61.95875156765385,1.1585717142857146,-119186200,0.054587463813909,False,True
2020-09-18,50.75,51.16,50.209999,50.450001,23816600,0.7570845636297321,0.7811800163953098,53.780481246282775,1.1107147857142852,-143002800,0.014050900752138,False,True
2020-09-21,49.75,50.02,48.610001,49.09,17514800,0.6019153180044228,0.7453270767171324,47.6241952077965,1.190714642857143,-160517600,-0.0116987560009514,True,False
2020-09-22,49.110001,50.040001,49.07,49.66,13034600,0.518954623363463,0.7000525860463985,52.866247650344754,1.2100006428571426,-147483000,-0.0309769060069281,False,False
2020-09-23,49.73,49.919998,48.169998,48.209999,17121200,0.3323733198884824,0.6265167328148153,33.0681818181818,1.1750005,-164604200,-0.0869286870292957,True,True
2020-09-24,48.209999,49.099998,47.560001,48.700001,16788100,0.2214921354577868,0.5455118133434097,39.62704908145136,1.1392859285714283,-147816100,-0.089633547492163,True,False
2020-09-25,48.200001,48.759998,47.98,48.720001,12603400,0.1336907273088527,0.4631475961364983,35.57214289250176,1.1099999285714282,-135212700,-0.0263588726019598,True,True
2020-09-28,49.310001,49.709999,49.139999,49.279999,11215700,0.1080491143453485,0.3921278997782684,46.40432835820892,1.060714071428571,-123997000,-0.0919263386852738,False,False
2020-09-29,49.389999,49.560001,48.91,48.919998,12426600,0.0580101741107412,0.325304354644763,41.360540941275765,1.020714214285714,-136423600,-0.1022007197683879,True,True
2020-09-30,49.27,49.619999,48.889999,49.369999,15755900,0.0540423072704072,0.2710519451698919,45.86070574198044,1.0207142857142852,-120667700,-0.0905446355682976,False,False
2020-10-01,49.439999,49.66,48.59,49.18,17577300,0.0351610975548055,0.2238737756468746,36.05341125219076,1.011428499999999,-138245000,-0.1556150819788207,True,True
2020-10-02,48.759998,49.580002,48.549999,49.360001,13610100,0.0343264848425377,0.1859643174860072,39.72604574549586,1.037857285714285,-124634900,-0.090050659284744,True,True
2020-10-05,49.43,49.549999,49.119999,49.380001,10628700,0.0348768425768852,0.1557468225041828,36.64002027519346,1.0207142857142852,-114006200,-0.1051222898042193,False,True
2020-10-06,49.549999,49.73,48.830002,48.939999,10077400,-0.0001892970053418,0.1245595986022779,35.61430580313608,1.034285642857142,-124083600,-0.1057014469644907,True,True
2020-10-07,49.02,49.759998,48.950001,49.560001,10135600,0.021798238045676,0.1040073264909575,42.73129862146961,1.0321425714285708,-113948000,-0.0928474692197566,True,False
2020-10-08,49.709999,50.540001,49.540001,50.459999,12143900,0.1105712385780037,0.1053201089083668,50.065689829942336,1.0357139285714283,-101804100,-0.0114083406079617,True,False
2020-10-09,50.669998,51.23,50.599998,50.810001,11407800,0.2067830510910511,0.1256126973449036,63.030296786048886,0.9592854285714276,-90396300,-0.0743089167395616,True,True
2020-10-12,50.84,51.529999,50.830002,51.09,11386500,0.3021422768366975,0.1609186132432624,61.33120951073589,0.9414280714285708,-79009800,-0.0621469651824544,False,False
2020-10-13,50.990002,50.990002,49.900002,50.220001,14365300,0.3040090744797368,0.1895367054905573,67.53927222389376,0.901427928571428,-93375100,-0.0727900105249981,False,False
2020-10-14,50.049999,50.490002,49.650002,50.119999,10582100,0.2940298068270763,0.2104353257578611,63.29585146378167,0.8514281428571421,-103957200,-0.0215926659434159,False,False
2020-10-15,49.400002,50.130001,49.299999,49.990002,9961700,0.2724903942008936,0.2228463394464676,61.65138318323238,0.8549998571428559,-113918900,-0.0351020038092797,True,True
2020-10-16,49.990002,50.349998,49.869999,50.029999,13569800,0.2557001262550216,0.2294170968081784,57.60649087221095,0.8185713571428559,-100349100,-0.0087569882100489,False,True
2020-10-19,50.029999,50.48,49.459999,49.619999,9930400,0.206924843662037,0.2249186461789502,57.0281239012297,0.8449999285714266,-110279500,-0.013835405596345,True,True
2020-10-20,49.889999,50.619999,49.790001,50.25,10970700,0.2166089630702501,0.2232567095572102,58.52714312541533,0.8642856428571412,-99308800,-0.0204193953958187,False,False
2020-10-21,49.959999,50.43,49.77,49.990002,12517400,0.200987176702668,0.2188028029863017,57.7438079326225,0.834999928571427,-111826200,0.0283263542786589,True,False
2020-10-22,51.169998,51.200001,50.380001,50.68,20189200,0.2415000087314496,0.2233422441353313,61.49825914482504,0.8478567857142844,-91637000,-0.0257655184334778,False,True
2020-10-23,51.0,51.18,50.470001,50.52,13491300,0.2577251619308427,0.2302188276944336,59.693877290712,0.8678567142857128,-105128300,-0.1165760427405234,False,False
2020-10-26,50.34,50.509998,49.200001,49.799999,14696400,0.2100641604553743,0.2261878942466217,56.980526279733375,0.8978567857142846,-119824700,-0.0974786409463527,True,True
2020-10-27,49.810001,50.290001,49.549999,49.900002,13892100,0.1783064737101511,0.2166116101393276,53.014195934570864,0.8921427142857128,-105932600,-0.0529601867848674,False,False
2020-10-28,49.0,49.150002,47.779999,47.959999,19886200,-0.0033649614744035,0.1726162958165814,31.287425149700624,0.9721429285714274,-125818800,-0.1273073413568602,True,True
2020-10-29,47.73,48.48,47.299999,48.02,15369900,-0.1408753797930728,0.1099179606946506,28.16900284334949,1.001428642857142,-110448900,-0.1222899333256023,True,True
2020-10-30,47.810001,48.119999,47.369999,48.060001,15804000,-0.2438150821248754,0.0391713521307453,25.365865794168144,1.0035716428571422,-94644900,-0.1002687531285016,True,False
2020-11-02,48.75,48.950001,48.240002,48.619999,15156100,-0.277015121477433,-0.0240659425908902,36.301352739726006,0.9821432142857134,-79488800,-0.102918238770891,True,True
2020-11-03,49.220001,49.959999,49.0,49.349998,15285100,-0.2416361423778354,-0.0675799825482793,44.04944855461293,1.0178574999999996,-64203700,-0.0881059624307826,False,False
2020-11-04,49.43,50.209999,49.080002,49.169998,12930800,-0.2255228551359565,-0.0991685570658147,43.71162576687119,1.039285714285714,-77134500,-0.1457043059535971,True,True
2020-11-05,49.759998,50.209999,49.34,49.439999,12452400,-0.1887898824520206,-0.1170928221430559,45.62963221947723,1.0792858571428572,-64682100,-0.2178095767132299,True,False
2020-11-06,49.650002,49.990002,49.25,49.450001,9294900,-0.1570611559053247,-0.1250864888955097,48.6614343356526,1.059285928571429,-55387200,-0.2212258527470682,True,False
2020-11-09,52.5,53.259998,52.07,52.57,33442000,0.1184762128239071,-0.0763739485516263,63.12216600806968,1.2600000000000005,-21945200,-0.2128259090030796,True,True
2020-11-10,52.57,54.279999,52.450001,53.98,29706700,0.4454815448730329,0.0279971501333055,69.96994796599724,1.3435712857142863,7761500,-0.1184882586568409,False,False
2020-11-11,53.93,54.299999,53.330002,53.580002,17399900,0.6646969184742275,0.1553371038014899,64.94845467105898,1.326428285714286,-9638400,-0.1466028494437233,False,False
2020-11-12,53.049999,53.209999,52.610001,53.009998,15024400,0.7834015568401327,0.2809499944092185,62.314517987618224,1.344999857142858,-24662800,-0.1492535559418929,True,False
2020-11-13,53.25,53.5,52.889999,53.450001,12447900,0.9025760677326176,0.4052752090738983,68.56560297179702,1.2942857142857147,-12214900,-0.1031026709471087,True,True
2020-11-16,54.5,54.619999,53.279999,53.849998,14908200,1.0175692364633946,0.5277340145517977,69.49651362496728,1.337142714285715,2693300,-0.0873943866804129,False,False
2020-11-17,53.66,53.75,53.029999,53.68,14248400,1.0825062747970406,0.6386884666008463,84.21052820448232,1.2442852857142863,-11555100,-0.0551684129532629,False,False
2020-11-18,53.75,54.02,52.560001,52.610001,15278200,1.0356905723542127,0.7180888877515196,74.49307091708334,1.264285142857144,-26833300,-0.0851077442288172,True,False
2020-11-19,52.490002,53.23,51.950001,53.130001,17189500,1.02869034312004,0.7802091788252237,75.73604583473013,1.302142214285715,-9643800,-0.0251359001150452,False,False
2020-11-20,53.189999,53.25,52.59,52.669998,15645600,0.9747874701517248,0.819124837090524,70.76921925049666,1.2857136428571434,-25289400,-0.0257646355373256,True,False
2020-11-23,52.950001,53.169998,52.200001,52.68,13191900,0.922245065744626,0.8397488828213444,68.43853702865758,1.2592848571428574,-12097500,-0.0225404666916061,True,False
2020-11-24,53.139999,53.59,53.02,53.220001,13827600,0.9136464518559322,0.8545283966282621,71.56549510559472,1.243570785714286,1730100,-0.0328134804033402,False,False
2020-11-25,53.07,53.279999,52.790001,52.93,10194800,0.8733637378194246,0.8582954648664947,68.54409353786878,1.2042848571428573,-8464700,-0.0015290781891883,False,False
2020-11-27,53.110001,53.189999,52.610001,52.700001,8499300,0.8135028451945843,0.8493369409321126,66.87434397742722,1.1928560000000006,-16964000,-0.0312112163476164,False,False
2020-11-30,52.09,52.189999,51.080002,51.599998,43203600,0.6695830706857251,0.8133861668828353,43.62680039232546,1.0364275714285718,-60167600,-0.0758437076647673,True,False
2020-12-01,52.139999,52.330002,51.790001,52.040001,18968800,0.5842947907065863,0.7675678916475855,35.391597995846695,0.9578565714285722,-41198800,-0.0822060824195373,True,True
2020-12-02,51.900002,52.130001,51.639999,52.110001,14913100,0.5163989042191446,0.7173340941618974,38.35183857782858,0.9235712142857148,-26285700,-0.0302616329684717,True,False
2020-12-03,51.900002,52.939999,51.900002,52.779999,17318900,0.5107663674643774,0.6760205488223935,48.20593799663552,0.9285709285714288,-8966800,0.0359734008334697,True,False
2020-12-04,52.779999,53.869999,52.759998,53.849998,18122400,0.5858887575571998,0.6579941905693547,52.84088657348583,0.9642852142857146,9155600,0.1120877924258855,False,False
2020-12-07,53.759998,53.779999,52.700001,52.990002,16210900,0.5694648665181674,0.6402883257591172,44.2666948622147,0.9507135714285714,-7055300,0.1009420823770103,True,False
2020-12-08,52.939999,53.48,52.790001,53.18,12485800,0.5652640531227036,0.6252834712318346,46.67553279906044,0.9414278571428568,5430500,0.127753591063393,True,False
2020-12-09,53.369999,53.599998,53.0,53.330002,11508400,0.5674970334752913,0.613726183680526,55.45454889806903,0.8799992142857137,16938900,0.0763137877599014,False,True
2020-12-10,53.400002,53.509998,52.98,53.049999,12097300,0.5404428951934079,0.5990695259831025,49.37105425024623,0.8264277142857145,4841600,0.0761034788294618,True,False
2020-12-11,52.799999,53.540001,52.779999,53.349998,10638100,0.5370192837737804,0.586659477541238,55.48386742976293,0.8335707142857147,15479700,0.0781772824114891,False,False
2020-12-14,53.650002,53.84,53.18,53.27,22292000,0.5218354824190996,0.5736946785168104,54.70494417862841,0.8114280714285721,-6812300,-0.0072159156148203,True,False
2020-12-15,53.790001,54.220001,53.599998,53.84,16193700,0.5494625841221961,0.5688482596378875,54.920627765179006,0.8142852857142862,9381400,-0.0116322831676612,False,False
2020-12-16,53.599998,53.799999,52.939999,53.060001,15679600,0.5026239249537099,0.5556033927010521,50.95729791927744,0.843571214285715,-6298200,-0.0820122171256898,True,False
2020-12-17,53.299999,53.709999,53.150002,53.27,12677300,0.4769511187681061,0.5398729379144629,54.209743372116726,0.848571214285715,6379100,-0.0608994628534421,True,True
2020-12-18,53.080002,53.84,52.619999,53.740002,35480100,0.4888947934800285,0.529677309027576,67.42675402394396,0.8199999285714296,41859200,-0.0129145830732091,False,False
2020-12-21,52.68,53.0,51.98,52.810001,14926600,0.418492808784471,0.507440408978955,55.80694341503177,0.8935712142857152,26932600,0.0497549883216625,False,True
2020-12-22,52.810001,53.18,52.389999,52.759998,9689500,0.3545765665439688,0.4768676404919578,54.91677227690123,0.9149997142857152,17243100,0.048850172859735,True,False
2020-12-23,52.950001,53.389999,52.939999,53.080002,7040300,0.3259863646000553,0.4466913853135774,52.39618894751332,0.8857142857142867,24283400,0.0543233110269696,True,False
2020-12-24,53.02,53.549999,53.02,53.439999,3265500,0.3285893988080985,0.4230709880124816,46.30631598084397,0.8442855714285723,27548900,0.0750437816365539,True,False
2020-12-28,53.849998,54.439999,53.73,54.16,9020500,0.3843201817482153,0.4153208267596284,60.813278210782045,0.8335715000000009,36569400,0.0990644246243981,False,False
2020-12-29,54.450001,54.490002,54.02,54.130001,8320600,0.4212111007839354,0.4164988815644898,59.04761650793992,0.8178574285714291,28248800,0.1051811723674022,True,False
2020-12-30,54.049999,54.630001,54.029999,54.439999,8142700,0.4700433011591087,0.4272077654834136,60.25874662176716,0.8178577142857151,36391500,0.1252137213734038,True,False
2020-12-31,54.450001,54.93,54.27,54.84,8495000,0.5348544404711788,0.4487371004809666,66.1844545778564,0.8271435714285715,44886500,0.1003110375703965,False,False
2021-01-04,54.27,54.630001,52.029999,52.759998,25611100,0.413611105852766,0.4417119015553266,45.96443449278553,0.973572071428572,19275400,0.0137636118748079,False,True
2021-01-05,52.330002,52.619999,52.029999,52.18,20323800,0.2676387256719152,0.4068972663786444,43.02177053942607,0.9785720000000008,-1048400,-0.0843774840658448,False,True
2021-01-06,51.970001,52.02,50.189999,50.52,38724500,0.0178012343544793,0.3290780599738113,31.34832298951773,1.052857714285715,-39772900,-0.13511437097424,False,True
2021-01-07,50.09,50.259998,49.52,49.959999,53225700,-0.2228156974110859,0.2186993084968319,32.14285796576637,1.0600005000000006,-92998600,-0.0944979739643547,True,True
2021-01-08,50.029999,51.130001,49.84,51.080002,29674000,-0.319449057655774,0.1110696352663107,38.58187843391192,1.105715,-63324600,-0.0172144115538949,False,True
2021-01-11,50.619999,50.860001,49.950001,50.200001,19304400,-0.4617180201534054,-0.0034878958176325,32.30001092999015,1.0992864285714283,-82629000,-0.0163240473080448,False,True
2021-01-12,50.040001,50.369999,49.759998,50.110001,18538700,-0.5751000503705939,-0.1178103267282247,35.26202160522128,1.0171434999999995,-101167700,-0.0228415138301932,True,False
2021-01-13,49.98,50.360001,49.950001,50.16,18864100,-0.6533897543826868,-0.2249262122591172,35.80787737647272,0.990000571428571,-82303600,0.0216230506381963,False,True
2021-01-14,50.16,50.18,49.220001,49.23,34303600,-0.7814698386726988,-0.3362349375418335,30.296816786079816,1.0135718571428565,-116607200,-0.0558709861489628,False,True
2021-01-15,49.16,49.18,48.529999,48.700001,24366800,-0.9151909663794272,-0.4520261433093522,26.156956507654613,1.0257148571428567,-140974000,-0.0554504099647151,False,False
2021-01-19,48.740002,49.040001,48.240002,48.509998,29114500,-1.024685639467272,-0.5665580425409362,19.97874814931005,1.011429071428571,-170088500,-0.0585884894742243,True,False
2021-01-20,48.540001,48.82,48.310001,48.68,23115800,-1.0852333219210737,-0.6702930984169637,21.465984265770672,1.014286,-146972700,-0.1079947381186557,True,False
2021-01-21,48.779999,49.09,48.459999,48.950001,19702500,-1.0987650922547374,-0.7559874971845185,21.135687554482047,1.0164287857142855,-127270200,-0.1028682232892248,False,False
2021-01-22,48.810001,48.939999,48.490002,48.490002,15400300,-1.1335404440289096,-0.8314980865533969,16.823444661697195,1.0021430000000002,-142670500,-0.1371207716580827,True,False
2021-01-25,48.419998,48.84,48.240002,48.779999,16604200,-1.124734586370174,-0.8901453865167523,24.42161012020169,0.844285642857143,-126066300,-0.0964380707483099,True,False
2021-01-26,48.91,49.400002,48.610001,49.290001,12922600,-1.06433400175014,-0.92498310956343,31.258129856431992,0.8485715,-113143700,-0.0771995931344905,False,False
2021-01-27,48.889999,49.32,48.23,48.529999,21242400,-1.0655093841503884,-0.9530883644808216,35.38914559437434,0.7842857142857146,-134386100,-0.1007683543693182,True,False
2021-01-28,48.689999,49.5,48.610001,49.150002,17498900,-1.0048287819380448,-0.9634364479722664,44.10483476664009,0.7821429285714291,-116887200,-0.0808057337352291,False,False
2021-01-29,49.029999,49.119999,48.110001,48.150002,18670300,-1.025608039100021,-0.9758707661978172,28.2963220191739,0.7642857857142867,-135557500,-0.122305026819054,True,False
2021-02-01,48.27,48.689999,48.18,48.48,12183600,-1.0038756162029898,-0.981471736198852,36.12903537981015,0.7221426428571439,-123373900,-0.1299254674236584,True,False
2021-02-02,48.799999,49.349998,48.630001,48.959999,13319800,-0.937118092665976,-0.9726010074922768,41.2746486952057,0.7407138571428585,-110054100,-0.1112806536125363,False,False
2021-02-03,48.950001,49.09,48.669998,48.77,12274100,-0.8892923965310899,-0.9559392853000396,39.67311163559492,0.7414282857142876,-122328200,-0.105346763232412,True,False
2021-02-04,48.959999,49.07,48.650002,49.009998,20597400,-0.8225425958951433,-0.9292599474190604,48.17879199377754,0.7028567857142879,-101730800,-0.0181832462005093,True,False
2021-02-05,49.5,49.779999,49.27,49.650002,12742000,-0.7098175886060645,-0.8853714756564612,57.72357657479089,0.7078567857142873,-88988800,-0.0298615161686575,True,True
2021-02-08,49.959999,50.169998,49.490002,49.919998,17833200,-0.5918730434239521,-0.8266717892099594,61.3162118780096,0.6992851428571447,-71155600,-0.0906298594323947,False,True
2021-02-09,49.849998,50.02,49.630001,49.700001,14592900,-0.5102709747664704,-0.7633916263212617,58.12103353585472,0.6907137142857164,-85748500,-0.09352865876285,False,True
2021-02-10,50.41,50.580002,49.529999,49.599998,22965400,-0.4485001235417627,-0.700413325765362,55.319126997934674,0.7207138571428595,-108713900,-0.152275408424645,True,True
2021-02-11,49.810001,50.59,49.799999,50.299999,21928600,-0.3391525093509955,-0.6281611624824888,64.2519471262909,0.7585712142857167,-86785300,-0.1369737585646427,True,False
2021-02-12,50.57,50.849998,50.389999,50.689999,13137100,-0.2185052046790048,-0.546229970921792,64.8061969593188,0.754999857142859,-73648200,-0.040674901544718,False,False
2021-02-16,50.619999,50.720001,50.16,50.27,15093400,-0.1549950690564614,-0.4679829905487259,57.7043958654711,0.7385712857142879,-88741600,-0.0347482200708176,False,False
2021-02-17,50.0,50.490002,49.889999,50.130001,12794300,-0.1146381016136501,-0.3973140127617108,63.93730936397867,0.7035715000000015,-101535900,-0.0158115814338482,True,False
2021-02-18,50.16,50.849998,50.029999,50.77,12747100,-0.0306589265332348,-0.3239829955160156,64.06250217014191,0.6928570714285728,-88788800,-0.0168255304984038,False,False
2021-02-19,50.790001,50.830002,49.970001,50.110001,15968800,-0.0171633799427866,-0.2626190724013699,68.08120161085131,0.6799999285714294,-104757600,-0.0847733582007829,True,True
2021-02-22,49.849998,50.880001,49.669998,50.630001,14370900,0.0350871295505044,-0.203077832010995,69.1622431614442,0.7278575000000009,-90386700,-0.0104493306235837,False,True
2021-02-23,51.0,51.509998,50.419998,50.540001,16222300,0.068444797905073,-0.1487733060277814,65.13413616950507,0.7435719285714296,-106609000,-0.0917316802835294,True,True
2021-02-24,50.389999,50.900002,50.130001,50.709999,14442000,0.1073608195742608,-0.097546480907373,68.65386164942907,0.7685718571428579,-92167000,-0.0975634868008977,False,True
2021-02-25,50.470001,50.75,49.98,50.169998,14211100,0.0935500921689325,-0.0593271662921119,60.54546221488153,0.793572000000001,-106378100,-0.0922525523867323,False,True
2021-02-26,50.200001,50.209999,48.970001,48.990002,23638400,-0.0124671112645202,-0.0499551552865935,44.536412986250966,0.8271432142857158,-130016500,-0.1737119416617361,True,False
2021-03-01,49.439999,50.439999,49.400002,49.900002,13901200,-0.0227943548518183,-0.0445229951996385,49.850329162070864,0.8821432857142872,-116115300,-0.1234573984222278,True,False
2021-03-02,49.84,50.560001,49.700001,50.099998,11755100,-0.0146716385187701,-0.0385527238634648,53.00298453856768,0.915714785714287,-104360200,-0.1330689868504582,False,False
2021-03-03,49.720001,50.560001,49.709999,49.98,15410700,-0.0177129788445142,-0.0343847748596747,52.84433230848085,0.9014290000000008,-119770900,-0.1464352906729898,False,False
2021-03-04,50.310001,51.09,49.619999,49.939999,22036400,-0.0230849009932327,-0.0321248000863863,47.00995982382685,0.9357146428571436,-141807300,-0.1604786279005438,True,False
2021-03-05,50.049999,50.950001,49.900002,50.790001,21310800,0.0407758312377524,-0.0175446738215586,50.7716217992996,0.9714289285714292,-120496500,-0.1598110835658091,True,False
2021-03-08,51.470001,52.490002,51.16,51.639999,25084900,0.1581505948803965,0.0175943799188324,59.9131807339145,1.0528575000000002,-95411600,-0.1929600991675668,False,False
2021-03-09,51.720001,51.880001,50.82,50.860001,23082700,0.1860865311259942,0.0512928101602647,54.8344460506284,1.0857145000000006,-118494300,-0.2656277174765083,True,False
2021-03-10,51.18,51.630001,50.720001,51.439999,21331600,0.2521206631574344,0.0914583807596987,54.47263245520514,1.092143142857143,-97162700,-0.1985645398776057,False,False
2021-03-11,51.41,51.43,50.810001,50.880001,17417700,0.2563114314082,0.1244289908893989,55.20975417538116,1.0757143571428576,-114580400,-0.1831919261488155,False,False
2021-03-12,50.59,50.68,50.200001,50.360001,17598600,0.2151923873720918,0.1425816701859375,48.17320308135984,1.0378570000000005,-132179000,-0.2197555230043419,True,False
2021-03-15,50.5,51.119999,50.470001,51.029999,13411900,0.2339714111344335,0.1608596183756367,53.074021999045904,1.014285428571429,-118767100,-0.2029052483575469,True,False
2021-03-16,51.200001,51.52,51.040001,51.220001,14214200,0.2611748353227767,0.1809226617650647,53.1915074694749,0.9942854285714294,-104552900,-0.1869735066018003,True,False
2021-03-17,51.25,51.619999,51.150002,51.240002,17502700,0.2811072293697947,0.2009595752860107,57.16202145492638,0.9728566428571436,-87050200,-0.2082670978046351,False,False
2021-03-18,51.060001,51.189999,50.490002,50.57,18007300,0.240072823231479,0.2087822248751044,61.35057339146367,0.9378567857142864,-105057500,-0.2739683131817072,True,False
2021-03-19,50.459999,51.080002,50.169998,50.810001,67845700,0.2243328660207524,0.211892353104234,57.23370439362967,0.8992858571428576,-37211800,-0.143460798991821,True,False
2021-03-22,50.32,51.080002,50.32,51.0,17911400,0.22460110620014,0.2144341037234152,57.165625583201,0.8921431428571432,-19300400,-0.1281634082672831,True,False
2021-03-23,50.990002,51.650002,50.830002,51.389999,16936700,0.2533627404580656,0.2222198310703453,60.763356074819605,0.8900001428571436,-2363700,-0.0816382476561013,True,False
2021-03-24,51.169998,51.889999,51.150002,51.52,14997400,0.28337990985721,0.2344518468277183,61.89760326698943,0.8378570000000006,12633700,-0.0994724930031948,True,False
2021-03-25,51.700001,52.060001,51.169998,52.02,17091900,0.3435542743738367,0.256272332336942,59.77742430637865,0.826428714285715,29725600,-0.0433441298111311,True,False
2021-03-26,52.139999,53.110001,51.759998,53.040001,17126700,0.4681518844723413,0.2986482427640219,60.83593214734736,0.8014288571428574,46852300,0.0505828038103876,True,False
2021-03-29,52.73,53.939999,52.709999,53.849998,17514100,0.6250511757521053,0.3639288293616386,73.03542667277043,0.8135716428571429,64366400,0.0881277906452459,False,False
2021-03-30,53.75,53.790001,52.93,53.150002,14871800,0.6850147438402203,0.4281460122573549,62.93497952721598,0.8142857857142859,49494600,0.0717720824965072,False,False
2021-03-31,53.029999,53.169998,52.5,52.709999,15826500,0.68908835708487,0.4803344812228579,64.09859784283518,0.8171429285714288,33668100,0.0710061007271358,False,False
2021-04-01,52.959999,53.150002,52.459999,52.509998,15834700,0.6684725799166102,0.5179621009616084,67.42298745170389,0.8178574285714285,17833400,0.069383096668477,True,False
2021-04-05,52.349998,53.220001,52.290001,52.810001,16368700,0.6686345598569545,0.5480965927406777,65.34482895362527,0.8300004285714289,34202100,0.0380385779889069,True,False
2021-04-06,53.040001,53.650002,52.900002,53.189999,15614300,0.6914549309229656,0.5767682603771354,66.44405127076755,0.8550004285714284,49816400,0.0477681264094006,True,False
2021-04-07,53.279999,53.5,53.119999,53.279999,10062700,0.7086337979299628,0.6031413678877009,66.83165563834069,0.8485721428571428,59879100,0.1017399465033989,False,False
2021-04-08,53.169998,53.380001,52.970001,53.119999,9695600,0.7012538926171601,0.6227638728335928,72.97296810323755,0.8242864285714282,50183500,0.0639067100781598,True,False
2021-04-09,53.169998,53.279999,52.810001,53.18,10828200,0.6922668227268787,0.63666446281225,72.06703390447564,0.7928574285714279,61011700,0.1199279706028335,True,False
2021-04-12,53.330002,53.549999,53.099998,53.349998,8565300,0.6908976845196619,0.6475111071537324,71.9626063411613,0.7707144999999994,69577000,0.1424881435686973,False,False
2021-04-13,53.040001,53.290001,52.810001,53.09,11071700,0.6612109388072298,0.650251073484432,66.28354384111722,0.7507142857142851,58505300,0.1208744499450694,False,False
2021-04-14,52.98,53.189999,52.650002,53.080002,9787600,0.6296193638039611,0.6461247315483378,65.29415524802582,0.7364285714285705,48717700,0.1496658891135345,True,False
2021-04-15,53.130001,53.66,53.119999,53.330002,13078100,0.6176360003249926,0.6404269853036688,63.505191965185965,0.714285357142856,61795800,0.1749009058704574,True,False
2021-04-16,53.740002,53.799999,53.380001,53.68,17974100,0.6291288067124157,0.6381673495854182,57.655506913770935,0.651427785714285,79769900,0.238618475734329,True,True
2021-04-19,54.0,54.360001,53.299999,54.0,19352900,0.6564906486773481,0.6418320094038042,52.032550730434814,0.6392850714285707,99122800,0.2048611924442121,True,True
2021-04-20,53.84,54.59,53.810001,54.169998,14419200,0.6840077083515652,0.6502671491933565,66.13919764455403,0.6292851428571424,113542000,0.1542220990776787,True,True
2021-04-21,54.240002,54.740002,54.240002,54.610001,13866500,0.7328716530153869,0.6667880499577625,80.06336083969731,0.6221427142857137,127408500,0.157508360967619,False,True
2021-04-22,54.470001,54.869999,54.32,54.439999,12558900,0.7492421435295995,0.6832788686721301,80.83071645116607,0.6121424285714282,114849600,0.1337273374962244,True,False
2021-04-23,54.400002,54.59,54.169998,54.470001,9020500,0.7559229763423971,0.6978076902061836,79.02101960981781,0.5757139999999994,123870100,0.094924576268196,False,True
2021-04-26,54.470001,54.509998,53.580002,53.66,11684600,0.6879272758243005,0.695831607329807,57.14287451151196,0.5821422142857138,112185500,0.0034739556060099,False,False
2021-04-27,53.560001,53.700001,53.32,53.580002,9852400,0.6204330571753758,0.6807518972989207,54.57322064623846,0.5821422142857138,102333100,-0.03991070896968,True,True
2021-04-28,53.98,54.049999,53.439999,53.59,10868100,0.5612800704028515,0.6568575319197069,57.50801518852272,0.5964279285714282,113201200,-0.0337467000291455,True,False
2021-04-29,53.540001,54.360001,53.43,54.259998,15391000,0.5619859175707802,0.6378832090499216,64.43850682033549,0.6292852857142854,128592200,0.0364841999657222,False,False
2021-04-30,54.25,54.27,53.689999,53.98,14912600,0.5337985110206347,0.6170662694440643,58.18186115711404,0.6385709999999999,113679600,0.0897194037298349,True,False
2021-05-03,54.27,54.799999,54.16,54.48,10417900,0.5455172265608823,0.6027564608674278,66.99268996482623,0.658571142857143,124097500,0.0840887238547504,False,False
2021-05-04,54.57,54.619999,53.939999,54.139999,14151000,0.5213592489749175,0.5864770184889259,61.99092442822928,0.6685713571428573,109946500,0.0753454749730054,False,False
2021-05-05,54.139999,54.240002,53.709999,54.0,9665900,0.4853226312198089,0.5662461410351025,57.772605821443896,0.6650002857142857,100280600,0.0855841835450312,True,False
2021-05-06,54.119999,54.610001,54.049999,54.540001,11572700,0.4946350745031864,0.5519239277287193,59.555568790126365,0.6750005714285712,111853300,0.1302367458308221,False,False
2021-05-07,54.439999,54.77,54.16,54.509998,10637500,0.4939008796454018,0.5403193181120559,56.05698049549625,0.6428575714285719,101215800,0.1116461246985352,True,False
2021-05-10,54.880001,55.5,54.830002,54.91,15545800,0.5196061471540219,0.5361766839204491,58.33334459457936,0.6578577857142857,116761600,0.0586244715513931,False,False
2021-05-11,55.029999,55.139999,54.049999,54.32,12986700,0.4867586371148604,0.5262930745593315,46.84094977715704,0.6950003571428576,103774900,0.0256056573256014,False,False
2021-05-12,54.360001,54.560001,53.880001,54.040001,15836500,0.4331401989119428,0.5076624994298538,45.74470212765953,0.7042861428571433,87938400,-0.0287516105546525,True,False
2021-05-13,53.970001,54.779999,53.830002,54.509998,15475800,0.4236880185659188,0.4908676032570668,50.38907625396522,0.7421429285714284,103414200,0.0075157287858036,True,False
2021-05-14,54.900002,55.099998,54.689999,54.73,11725300,0.4290041277698577,0.478494908159625,61.75825209516672,0.7178574999999994,115139500,-0.0582437293649565,False,False
2021-05-17,54.84,55.02,54.5,54.639999,12119800,0.421100667712885,0.4670160600702771,61.622776671661626,0.7278574285714282,103019700,-0.1066101110114803,False,False
2021-05-18,54.389999,54.560001,54.099998,54.34,13232500,0.3861780859849091,0.4508484652532035,57.73195876288664,0.7228574999999999,89787200,-0.1004154243999526,False,False
2021-05-19,54.119999,54.18,53.610001,54.169998,15126100,0.3408547859303965,0.4288497293886421,48.96551819262691,0.7085716428571435,74661100,-0.0685069654602374,True,True
2021-05-20,54.119999,54.799999,54.119999,54.650002,10948400,0.3397516102645497,0.4110301055638237,57.36264315902609,0.715714428571429,85609500,-0.0164043226918358,False,False
2021-05-21,54.799999,55.119999,54.220001,54.619999,16033200,0.3326220839136624,0.3953485012337915,51.71566855301692,0.7214286428571428,69576300,-0.0378327149171,True,False
2021-05-24,54.630001,54.93,54.490002,54.799999,10326100,0.3376046819702125,0.3837997373810757,58.41834157650537,0.704285642857143,79902400,0.0160842125329143,False,False
2021-05-25,54.82,54.82,54.349998,54.790001,11916500,0.3368635188296665,0.3744124936707939,60.42214653202853,0.6999998571428578,67985900,0.0420883773645806,True,False
2021-05-26,54.98,55.049999,54.59,55.029999,16064300,0.3515890745591008,0.3698478098484553,57.02001256157581,0.6892854285714292,84050200,0.1177146093075495,True,False
2021-05-27,55.209999,55.57,54.779999,55.490002,59109600,0.3958148737823492,0.3750412226352341,62.50002551015195,0.7021426428571432,143159800,0.2148900870233336,False,False
2021-05-28,55.349998,55.709999,55.200001,55.290001,17011600,0.4099995099397944,0.3820328800961461,55.10753071163576,0.6678566428571437,126148200,0.1779154370655711,False,True
2021-06-01,55.34,55.650002,55.099998,55.279999,13304000,0.4156425894370557,0.3887548219643281,65.286564465261,0.6292855000000007,112844200,0.1615803506454667,True,False
2021-06-02,55.5,55.560001,55.259998,55.5,11328500,0.4328770752034359,0.3975792726121496,73.7011978203974,0.6021428571428576,124172700,0.2037784592287298,True,True
2021-06-03,55.18,55.740002,55.099998,55.639999,17364300,0.4526148167559611,0.4085863814409119,70.54537560367895,0.5800005000000006,141537000,0.2335494424057016,True,True
2021-06-04,55.900002,56.48,55.779999,56.240002,18935100,0.5107843428526095,0.4290259737232515,74.12132980874844,0.5978577142857147,160472100,0.2198648766338487,False,False
2021-06-07,56.310001,56.34,55.810001,56.040001,14010800,0.534583357967044,0.45013745057201,71.60487578140078,0.598571928571429,146461300,0.2071927806615295,False,False
2021-06-08,56.25,56.25,55.549999,55.650002,10968300,0.5160261606012497,0.463315192577858,69.66961700461312,0.6100005000000002,135493000,0.2224710661988226,False,True
2021-06-09,55.75,55.919998,55.48,55.48,9838800,0.4820449927436883,0.4670611526110241,69.66961700461312,0.5892861428571428,125654200,0.2144081329807519,True,True
2021-06-10,55.91,56.119999,55.759998,55.91,12444400,0.4842301747043649,0.4704949570296922,69.20722802674373,0.5864289285714287,138098600,0.2365881967259948,True,True
2021-06-11,55.990002,56.209999,55.66,56.16,11825800,0.5003669392068417,0.4764693534651222,71.99997028577364,0.561429000000001,149924400,0.2488964248788067,False,False
2021-06-14,55.689999,55.709999,55.200001,55.549999,9710800,0.4586464676437458,0.4729047763008469,59.54196530897647,0.598571928571429,140213600,0.292399886259319,False,False
2021-06-15,55.779999,55.790001,55.189999,55.41,11154200,0.4095647367308501,0.4602367683868476,57.63543873917521,0.6078576428571429,129059400,0.3017405189595643,False,False
2021-06-16,55.439999,55.459999,54.639999,54.669998,15211700,0.3074114861668349,0.4296717119428451,46.052631867496906,0.6335720000000004,113847700,0.2528932563803656,True,True
2021-06-17,54.669998,55.150002,54.650002,54.950001,10658400,0.2462100449994011,0.3929793785541564,43.83562331892625,0.612857642857143,124506100,0.2161150000648785,False,True
2021-06-18,54.509998,54.619999,53.720001,53.77,31445600,0.1013232515491324,0.3346481531531516,35.82092058358819,0.6642863571428569,93060500,0.0989740495697834,True,False
2021-06-21,54.220001,54.43,54.0,54.360001,14404300,0.0337188834436545,0.2744622992112522,42.25592473550557,0.6721432142857137,107464800,0.1346197379969421,True,True
2021-06-22,54.34,54.849998,54.259998,54.560001,13072800,-0.0036773466497379,0.2188343700390542,42.06083400858544,0.6928572857142851,120537600,0.121361517896484,False,False
2021-06-23,54.560001,54.599998,54.110001,54.119999,12339200,-0.0680343548807442,0.1614606250550945,37.78137798403664,0.6821424999999997,108198400,0.0538809318770592,True,True
2021-06-24,54.259998,54.419998,54.0,54.389999,11488400,-0.0961427305046811,0.1099399539431393,34.29541982179663,0.6521422857142858,119686800,0.0398353942481883,False,False
2021-06-25,54.240002,54.470001,54.009998,54.32,18880300,-0.1226532842783711,0.0634213062988372,35.06945909285909,0.6471425714285713,100806500,-0.0967066850733566,False,True
2021-06-28,54.25,54.369999,54.0,54.259998,10556900,-0.1468123872716802,0.0213745675847337,37.200728101521705,0.6235709999999999,90249600,-0.0441402431194153,False,True
2021-06-29,54.130001,54.34,53.720001,53.860001,12300900,-0.1959759763716064,-0.0220955412065342,35.68907246934501,0.636428214285714,77948700,-0.0520339780171929,True,False
2021-06-30,53.799999,54.18,53.75,54.110001,14614200,-0.212318093457057,-0.0601400516566388,33.57667243855711,0.6214282857142851,92562900,-0.0405483266754267,False,False
2021-07-01,54.34,54.48,53.860001,53.959999,13214700,-0.2346681385415863,-0.0950456690336283,29.5539282555104,0.6264282857142847,79348200,-0.1165494564777697,True,False
2021-07-02,54.0,54.450001,54.0,54.18,10604600,-0.2319546395218665,-0.1224274631312759,36.27257986909441,0.5928570714285704,89952800,-0.1501984877620596,False,False
2021-07-06,53.990002,54.09,53.549999,53.880001,15278200,-0.2511168651956268,-0.1481653435441461,35.14566673572804,0.5949998571428564,74674600,-0.1300658798820766,True,False
2021-07-07,53.720001,54.380001,53.720001,54.32,14377700,-0.2281686389833765,-0.1641660026319922,46.391777659656505,0.5835712857142846,89052300,-0.0567674855971278,False,False
2021-07-08,54.009998,54.169998,53.740002,54.130001,11943900,-0.2227456624469042,-0.1758819345949746,41.386558240941895,0.5892854285714277,77108400,0.0146600924378139,True,False
2021-07-09,54.25,54.52,54.18,54.459999,10847000,-0.1896338527679404,-0.1786323182295678,58.823518880695374,0.5292853571428567,87955400,0.0479385643040995,True,False
2021-07-12,54.32,54.599998,54.27,54.48,15107600,-0.1599349608226745,-0.1748928467481891,51.796392753411006,0.5057137857142854,103063000,0.0273310159103465,True,False
2021-07-13,54.950001,55.299999,54.75,55.02,15170800,-0.091767054474424,-0.1582676882934361,56.24998811140985,0.5221422857142858,118233800,0.0130290450794397,True,False
2021-07-14,55.02,56.349998,54.959999,56.259998,22002700,0.0616038471314723,-0.1142933812084544,73.88394406690188,0.5864281428571425,140236500,0.0879354663120183,True,False
2021-07-15,56.240002,56.470001,55.91,56.439999,15068200,0.1954232504166384,-0.0523500548834358,73.34854063648348,0.5964283571428572,155304700,0.1818930916518355,False,False
2021-07-16,56.459999,56.68,56.259998,56.400002,14860500,0.2948498227863112,0.0170899206505135,73.85326677055065,0.5935711428571427,140444200,0.1555160703045234,False,False
2021-07-19,56.080002,56.349998,55.16,55.73,19527000,0.3159405695399115,0.0768600504283931,64.7887703687368,0.6557142142857144,120917200,0.2569822181594292,True,False
2021-07-20,55.73,56.330002,55.52,55.830002,16257900,0.336841564067214,0.1288563531561573,71.09209231094059,0.6692858571428572,137175100,0.2082733086101683,True,False
2021-07-21,57.330002,57.560001,56.43,56.549999,20918200,0.406813994946809,0.1844478815142877,73.73540757619271,0.7621429285714285,158093300,0.1462093902530677,False,False
2021-07-22,56.619999,56.740002,56.049999,56.470001,13402700,0.4506180362918286,0.2376819124697959,74.7535104591881,0.7671432142857141,144690600,0.1954425127612958,True,False
2021-07-23,56.59,57.330002,56.450001,57.009998,12144000,0.5228788773878748,0.2947213054534117,76.25235900339669,0.7950002857142857,156834600,0.1730124460227942,True,False
2021-07-26,56.889999,57.119999,56.560001,57.060001,8681100,0.5775236061396214,0.3512817655906536,80.93390028622613,0.7900000714285714,165515700,0.180048340987834,True,True
2021-07-27,57.110001,57.540001,56.919998,57.259998,12794400,0.6297091388523626,0.4069672402429954,80.00004081640984,0.7871431428571428,178310100,0.1681344204826668,False,True
2021-07-28,56.990002,57.16,56.630001,56.740002,9858000,0.6219379050648755,0.4499613732073715,74.95227043585379,0.7907145,168452100,0.172984631123972,True,False
2021-07-29,57.07,57.25,56.860001,57.049999,9599100,0.6334908255440297,0.4866672636747031,74.85611285711701,0.7992858571428572,178051200,0.1401972914243316,False,False
2021-07-30,57.150002,57.25,56.900002,57.029999,11727000,0.6337275487052523,0.516079320680813,74.47222976649637,0.8007144285714288,166324200,0.1621299206818403,False,False
2021-08-02,57.200001,57.240002,56.709999,56.880001,9778000,0.6147253967808055,0.5358085359008116,69.29468423436342,0.7800004285714282,156546200,0.1576539805527415,True,False
2021-08-03,57.0,57.0,56.75,56.919998,8825500,0.5960228971615749,0.5478514081529643,59.11606742795953,0.6985719285714284,165371700,0.1605822471751621,False,True
2021-08-04,56.75,56.950001,56.009998,56.099998,11888400,0.5091645524779977,0.540114037017971,46.0093601356438,0.7257149285714277,153483300,0.0830099773386173,True,True
2021-08-05,56.439999,56.59,56.290001,56.5,9806800,0.4672196892361313,0.5255351674616031,51.08223271672252,0.7307149285714283,163290100,0.0620537357639722,True,True
2021-08-06,56.599998,56.740002,56.439999,56.639999,10409300,0.4402004751379564,0.5084682289968738,61.12472839129165,0.663572142857142,173699400,0.048904233191384,True,False
2021-08-09,56.799999,56.880001,56.43,56.650002,8859900,0.4148130056862555,0.4897371843347502,60.25004100016399,0.6378577857142851,182559300,0.0335679424492755,True,True
2021-08-10,56.84,57.169998,56.66,56.799999,10906900,0.4021608970766692,0.4722219268831341,53.644331868603466,0.5514289999999994,193466200,0.0160801518395292,False,False
2021-08-11,56.889999,57.18,56.709999,56.73,8370700,0.3820812803930735,0.454193797585122,53.80117164256558,0.5357145714285707,185095500,-0.0930469650961513,True,True
2021-08-12,56.73,56.98,56.73,56.84,6169200,0.3707701131293675,0.4375090606939711,47.15721267108766,0.4907144999999993,191264700,-0.1570289051191496,True,True
2021-08-13,56.810001,57.299999,56.77,57.23,7714200,0.3887938981719969,0.4277660281895763,52.55254903550611,0.4885717142857133,198978900,-0.115262644725072,True,True
2021-08-16,57.200001,57.490002,57.029999,57.48,7972000,0.4184274175282283,0.4258983060573067,53.25447900998455,0.4771431428571421,206950900,-0.0823406413634003,False,True
2021-08-17,57.459999,57.560001,57.009998,57.279999,10346400,0.4209216629779391,0.4249029774414332,58.82350057663528,0.4714292857142845,196604500,-0.0674069486801573,False,False
2021-08-18,57.189999,57.23,56.419998,56.5,13873700,0.3558568733675713,0.4110937566266608,42.20963485783975,0.4964294999999983,182730800,-0.0434444637697227,True,True
2021-08-19,56.060001,56.98,55.950001,56.860001,9223700,0.3295428658566806,0.3947835784726649,47.80364114071435,0.5450009999999982,191954500,-0.0234427217698053,False,True
2021-08-20,56.84,57.029999,56.580002,56.639999,10543600,0.2876209868568935,0.3733510601495106,46.95428934010155,0.539286285714284,181410900,-0.0795948902990836,False,True
2021-08-23,56.669998,56.75,56.380001,56.439999,8912800,0.2355440618644024,0.345789660492489,44.14635794168932,0.5478576428571412,172498100,-0.1445040621895481,False,True
2021-08-24,56.639999,56.639999,55.900002,56.009998,12067200,0.1577567153675545,0.3081830714675022,48.78706330235767,0.5335714999999988,160430900,-0.1944041556778778,True,False
2021-08-25,56.060001,56.169998,55.73,56.07,11270700,0.0998009001307949,0.2665066372001607,43.62018561402299,0.5299997857142843,171701600,-0.1329292740671451,False,True
2021-08-26,55.950001,55.98,55.509998,55.540001,10331500,0.0109774676788489,0.2154008032958984,35.37238258257159,0.5485711428571415,161370100,-0.1764921137397606,True,True
2021-08-27,55.66,55.790001,55.450001,55.650002,8844100,-0.0499636314522007,0.1623279163462785,37.04663883593841,0.540713928571427,170214200,-0.1557510165456945,True,True
2021-08-30,55.689999,56.200001,55.639999,56.18,10034700,-0.054861077991319,0.118890117478759,42.68869621082815,0.5435714999999982,180248900,-0.0902467081948871,True,True
2021-08-31,56.16,56.52,56.0,56.310001,14185700,-0.047702461143146,0.085571601754378,45.11629637639959,0.5471428571428559,194434600,-0.0900743235924824,True,True
2021-09-01,56.380001,56.799999,56.279999,56.689999,9518900,-0.0112370096393945,0.0662098794756235,48.35885228084092,0.5664285714285704,203953500,-0.0153853301788912,True,False
2021-09-02,56.77,57.029999,56.41,56.77,11653200,0.0238426917910601,0.0577364419387108,44.60094403667234,0.5728571428571421,215606700,-0.0253984444352864,False,False
2021-09-03,56.459999,56.77,56.25,56.73,13220400,0.0478641935751369,0.055761992265996,40.74074988567913,0.5771426428571422,202386300,0.0127756614587864,False,False
2021-09-07,56.599998,56.689999,55.509998,55.669998,20035300,-0.0184195664923265,0.0409256805143315,33.60489449603415,0.6249997142857134,182351000,-0.0548279335770043,True,True
2021-09-08,55.610001,56.48,55.610001,56.419998,12040100,-0.010312317924189,0.0306780808266274,49.180308384866734,0.6257138571428565,194391100,0.0161766544956825,False,True
2021-09-09,56.18,56.419998,55.799999,55.860001,12545400,-0.0485150910639688,0.0148394464485081,40.15748418996687,0.5964281428571425,181845700,0.0047190222403889,False,True
2021-09-10,56.009998,56.130001,55.52,55.610001,10573700,-0.0978361800929832,-0.0076956788597901,39.92174168297453,0.6078569999999998,171272000,-0.025222394440386,True,False
2021-09-13,55.740002,56.400002,55.740002,56.07,20274300,-0.0986680398155144,-0.0258901510509349,46.5549434925407,0.6378571428571428,191546300,-0.0477932363162892,False,True
2021-09-14,55.919998,55.98,55.549999,55.689999,13918900,-0.128508829742671,-0.0464138867892822,46.99249003618232,0.6221431428571427,177627400,-0.0978993884890823,True,False
2021-09-15,55.68,56.0,55.419998,55.880001,15746000,-0.1352670232212958,-0.0641845140756849,48.25688958842012,0.6321434285714282,193373400,-0.0579207448357276,False,False
2021-09-16,55.720001,55.990002,54.82,55.349998,17430400,-0.1812998412091602,-0.0876075795023799,48.25685417053902,0.6757148571428567,175943000,-0.0194839424647779,False,True
2021-09-17,55.02,55.189999,54.369999,54.439999,33370200,-0.287891857111795,-0.127664435024263,40.3199775488036,0.7214290714285713,142572800,-0.1434433067745287,False,False
2021-09-20,54.110001,54.400002,53.73,54.060001,27542500,-0.3984365321681338,-0.1818188544530371,32.62296186508826,0.7321431428571431,115030300,-0.1101933553702255,False,False
2021-09-21,54.389999,54.82,53.939999,54.049999,16418200,-0.4813029011476786,-0.2417156637919654,31.103668527201208,0.7578575000000001,98612100,-0.1283460805598601,True,False
2021-09-22,54.509998,54.560001,54.060001,54.130001,12719700,-0.5343598352353851,-0.3002444980806494,27.46483014278512,0.757143357142857,111331800,-0.1303173091474168,False,False
2021-09-23,54.259998,54.619999,54.0,54.040001,13836200,-0.5770185746461465,-0.3555993133937488,26.010574683150537,0.757143357142857,97495600,-0.1890350196805744,False,False
2021-09-24,54.0,54.240002,53.860001,53.889999,9682200,-0.6158309251856764,-0.4076456357521343,25.517262306752443,0.7471434285714282,87813400,-0.1866101024322232,False,False
2021-09-27,53.849998,54.25,53.57,53.610001,12429500,-0.6615574684837711,-0.4584280022984617,29.482113855310477,0.7085718571428572,75383900,-0.2252162836454683,False,False
2021-09-28,53.459999,53.459999,52.43,52.639999,19926100,-0.7672230682930063,-0.5201870154973707,13.931341668567171,0.730714857142857,55457800,-0.2847971577944443,True,False
2021-09-29,52.639999,53.16,52.560001,52.959999,13941500,-0.8157391585333613,-0.5792974441045688,21.000026399957832,0.7292862857142853,69399300,-0.2789595601499122,False,False
2021-09-30,53.169998,53.330002,52.43,52.470001,17672000,-0.8835423271429477,-0.6401464207122447,20.038202246333384,0.7500006428571427,51727300,-0.3384052409124617,True,False
2021-10-01,52.779999,53.200001,52.57,53.02,16277400,-0.8827210452599417,-0.688661345621784,21.388399938011347,0.7457148571428566,68004700,-0.3181950620223984,False,False
2021-10-04,53.060001,53.529999,52.400002,52.990002,18973400,-0.874411094550922,-0.7258112954076117,22.891612715895945,0.789285999999999,49031300,-0.3435901905633224,True,False
2021-10-05,53.02,53.470001,52.93,53.080002,17173100,-0.8507561634307379,-0.750800269012237,21.311491534530475,0.786428785714285,66204400,-0.3255860842319545,True,False
2021-10-06,52.77,53.77,52.509998,53.709999,21284500,-0.772271699864433,-0.7550945551826762,33.534130054347514,0.7928573571428567,87488900,-0.2907992583337275,True,False
2021-10-07,53.990002,54.279999,53.810001,53.880001,13774400,-0.6884187930832582,-0.7417594027627926,43.39624688502212,0.7635717142857134,101263300,-0.2884573354038426,True,False
2021-10-08,54.0,54.389999,53.900002,54.119999,13786800,-0.5957317032338096,-0.7125538628569961,50.73168328374794,0.7492859285714276,115050100,-0.2683130475908201,True,False
2021-10-11,54.209999,54.389999,54.009998,54.23,12378500,-0.5075496390699001,-0.6715530180995769,52.14287057824085,0.7135716428571419,127428600,-0.2687973504725542,False,False
2021-10-12,54.419998,54.830002,54.220001,54.23,19474400,-0.4326770857896846,-0.6237778316375986,51.21358156988051,0.7207144285714274,107954200,-0.3051145734246695,True,False
2021-10-13,54.169998,54.43,53.790001,54.240002,12143300,-0.3682875801053029,-0.5726797813311395,52.47526173905575,0.7221429999999991,120097500,-0.3209755450422786,True,False
2021-10-14,54.389999,54.810001,54.310001,54.610001,13704000,-0.2841273624881282,-0.5149692975625373,58.45073960198057,0.735714285714285,133801500,-0.3115149681294128,False,False
2021-10-15,54.639999,54.880001,54.290001,54.48,17867000,-0.2253224015346404,-0.4570399183569579,60.58393716589087,0.7292857142857139,115934500,-0.2601641041622621,False,True
2021-10-18,54.349998,54.389999,53.860001,53.939999,15861800,-0.2197593648726794,-0.4095838076601023,67.66306267724198,0.6892855714285712,100072700,-0.304458280194209,True,True
2021-10-19,54.040001,54.200001,53.77,54.150002,11068500,-0.1961441040705978,-0.3668958669422014,66.6667133520205,0.6771428571428569,111141200,-0.2413628740933323,True,True
2021-10-20,54.18,54.759998,54.110001,54.630001,12474800,-0.1371163401479336,-0.3209399615833478,80.33707865168532,0.6592853571428573,123616000,-0.1867614876152382,False,False
2021-10-21,54.599998,54.669998,54.209999,54.349998,14388300,-0.1116433588393235,-0.279080641034543,70.21271098758535,0.6399995714285716,109227700,-0.1653218026217382,True,False
2021-10-22,54.389999,54.529999,54.07,54.450001,12828600,-0.0824361585680293,-0.2397517445412402,71.72611740028084,0.5921425714285716,122056300,-0.1098932414752814,False,False
2021-10-25,54.380001,54.470001,54.02,54.23,11855000,-0.0761635183717928,-0.2070340993073507,66.4755688379116,0.585714,110201300,-0.0769339269089595,True,False
2021-10-26,54.32,54.580002,54.23,54.470001,12086700,-0.0512357174388782,-0.1758744229336562,62.25804141529683,0.5207140000000001,122288000,-0.0244710682732017,True,False
2021-10-27,55.970001,56.080002,55.27,55.52,24019800,0.052639097735792,-0.1301717187997666,70.60294556974844,0.5949997857142861,146307800,-0.0684491211389772,True,False
2021-10-28,55.75,56.110001,55.619999,56.040001,15928000,0.1749041854340447,-0.0691565379530043,72.53516068257049,0.6007142857142854,162235800,0.0205668452418908,True,False
2021-10-29,55.869999,56.470001,55.779999,56.369999,24463700,0.2950273375003789,0.0036802371376722,73.88385876731107,0.6228572142857145,186699500,0.0529826030462487,False,False
2021-11-01,56.389999,56.400002,55.900002,56.169998,11651100,0.3698242875523547,0.0769090472206087,70.7264212143046,0.6150000000000004,175048400,0.0545408553366111,False,False
2021-11-02,56.470001,56.5,55.970001,56.099998,11498900,0.4186273192164051,0.145252701619768,69.62016957770132,0.6071428571428571,163549500,0.061428600543912,True,True
2021-11-03,56.0,56.330002,55.779999,56.290001,10788300,0.4672495654578554,0.2096520743873855,68.42099607588924,0.6057145714285715,174337800,0.0292635404582028,True,True
2021-11-04,56.110001,56.630001,56.029999,56.599998,10820200,0.5247482419665914,0.2726713079032267,72.36280092236092,0.6064290000000001,185158000,0.0967029214164484,True,False
2021-11-05,56.84,57.16,56.59,56.84,12886700,0.5829624843370667,0.3347295431899947,82.6575880104801,0.6028576428571425,198044700,0.0963953941523525,False,False
2021-11-08,56.75,56.889999,56.130001,56.330002,12828000,0.5812448852331755,0.3840326115986309,72.99575148217104,0.6264288571428571,185216700,0.0684215410395869,True,False
2021-11-09,56.41,56.52,56.09,56.490002,10155800,0.586038847357095,0.4244338587503238,71.04070197173887,0.6107147857142853,195372500,0.1694258033848262,True,True
2021-11-10,56.540001,56.919998,56.290001,56.720001,8813600,0.6014637937805958,0.4598398457563782,77.11672051483711,0.6228575000000001,204186100,0.1652538138933277,True,False
2021-11-11,56.830002,56.880001,56.57,56.740002,7257700,0.6082900988841331,0.4895298963819292,76.68998212354718,0.6121433571428574,211443800,0.1616436288387731,False,True
2021-11-12,56.75,56.990002,56.549999,56.610001,10162500,0.5963358125819482,0.510891079621933,78.33333849206221,0.6114292142857144,201281300,0.1624611151478605,True,False
2021-11-15,56.529999,56.68,56.27,56.619999,10289200,0.5809716302929857,0.5249071897561436,77.07807409474758,0.6157147857142853,211570500,0.2376036867403762,False,False
2021-11-16,56.619999,56.939999,56.189999,56.220001,13756500,0.5304047338524214,0.5260066985753992,60.54219326101801,0.5542861428571426,197814000,0.1534608523849029,False,True
2021-11-17,56.040001,56.049999,55.650002,55.91,13288700,0.4600128721528094,0.5128079332908813,47.90994975236311,0.552857428571429,184525300,0.1395127256115125,False,True
2021-11-18,55.830002,55.93,55.139999,55.41,15380100,0.3597342013379787,0.4821931869003008,35.36586444081233,0.560000214285714,169145200,0.141908747538811,False,False
2021-11-19,55.439999,55.490002,54.900002,55.130001,15813700,0.2547326535333312,0.4367010802269069,34.52384034866701,0.5664287857142851,153331500,0.0953688801287146,True,False
2021-11-22,55.099998,56.02,55.080002,55.470001,16905600,0.1966860545008231,0.3886980750816902,41.32234820028785,0.5957144285714284,170237100,0.0858118976157395,True,False
2021-11-23,55.66,56.110001,55.5,55.880001,13835900,0.1816730660337455,0.3472930732721013,44.67531637711649,0.6021427857142848,184073000,0.0812391307598789,False,True
2021-11-24,55.709999,55.84,55.029999,55.43,12598900,0.1319428891318139,0.3042230364440438,35.33836357812713,0.6199999285714277,171474100,0.1196961318232058,False,False
2021-11-26,54.59,54.75,53.580002,53.73,14754300,-0.044135658459524,0.2345512974633302,21.46786896724325,0.7114283571428567,156719800,0.0336022536784369,True,False
2021-11-29,54.049999,54.73,53.93,54.580002,22712500,-0.1137795386697249,0.1648851302367192,34.88773747841107,0.7285713571428565,179432300,0.0214305020039911,False,True
2021-11-30,53.599998,53.630001,52.439999,52.450001,30485200,-0.3369618090490078,0.0645157423795738,23.969069076150944,0.850714428571428,148947100,-0.0924043744366509,False,True
2021-12-01,52.98,53.52,52.279999,52.299999,18719600,-0.5199456640863502,-0.0523765389136109,21.223960300020664,0.8942861428571425,130227500,-0.1334684851252137,True,False
2021-12-02,52.599998,53.34,52.509998,53.07,17074200,-0.5959591953653387,-0.1610930702039565,28.232501431790595,0.946429,147301700,-0.1418360965673086,True,False
2021-12-03,53.330002,53.610001,52.98,53.540001,21064400,-0.6112294412919965,-0.2511203444215645,32.49715735591457,0.960000285714286,168366100,-0.1147316465910324,True,True
2021-12-06,54.310001,55.25,54.139999,54.91,26624100,-0.5069400619890416,-0.3022842879350599,41.559732695097374,1.0528573571428577,194990200,-0.0716223243247603,True,False
2021-12-07,55.02,55.419998,54.849998,55.209999,23832700,-0.3955232199483944,-0.3209320743377268,44.96509772775809,1.040000214285715,218822900,-0.0310183821861301,False,False
2021-12-08,55.119999,55.349998,54.360001,55.0,18026300,-0.3204754921963371,-0.3208407579094489,45.417927324097775,1.070000071428572,200796600,-0.0407173927663609,False,False
2021-12-09,54.75,55.130001,54.59,54.860001,13846400,-0.2691932839325162,-0.3105112631140624,47.1264429070712,1.0521429285714292,186950200,-0.0496725575289154,True,False
2021-12-10,55.25,56.32,55.07,56.279999,23153600,-0.1126709921710329,-0.2709432089254565,55.36880385269766,1.1142857142857154,210103800,0.0120855736905849,True,False
2021-12-13,56.98,57.93,56.959999,57.759998,31362800,0.1293070311996018,-0.1908931609004448,59.66243378376084,1.1650002142857154,241466600,0.0857196691726794,True,False
2021-12-14,57.400002,58.169998,57.400002,57.799999,24806600,0.320608331205662,-0.0885928624792235,58.36235917032069,1.1742856428571444,266273200,0.0662484008064138,True,False
2021-12-15,57.93,58.25,57.650002,58.060001,24923800,0.4875755111966668,0.0266408122559545,61.647476975869694,1.1564282142857156,291197000,0.1189897640981219,True,False
2021-12-16,57.98,58.880001,57.900002,58.650002,24696900,0.6598994441104509,0.1532925386268538,74.1650297976307,1.09428542857143,315893900,0.1378892229116506,False,False
2021-12-17,58.490002,58.919998,57.700001,57.73,51874400,0.7140003779419359,0.2654341064898703,65.36583790601443,1.1099995000000011,264019500,0.0272047280220009,False,False
2021-12-20,57.200001,57.779999,57.0,57.540001,20879500,0.7330937776339326,0.3589660407186827,80.6257447350794,1.0128563571428582,243140000,0.0523658140184879,True,False
2021-12-21,57.610001,57.970001,57.529999,57.77,15864900,0.75804614744807,0.4387820620645603,82.59834119169733,0.9557135714285724,259004900,0.0620620021873293,True,False
2021-12-22,57.709999,58.189999,57.490002,58.18,12447400,0.8016635751093091,0.51135836467351,81.81818974301106,0.9314275714285724,271452300,0.0815744175348525,True,False
2021-12-23,58.52,58.610001,57.939999,58.220001,11027300,0.8298919691446542,0.5750650855677389,80.78948178670566,0.9342847857142864,282479600,0.0781679828578968,True,False
2021-12-27,58.0,58.689999,58.0,58.650002,9860000,0.8768528480139963,0.6354226380569905,78.07809309309302,0.8614276428571433,292339600,0.123445337223272,True,False
2021-12-28,58.400002,58.939999,58.299999,58.880001,8979900,0.9220004329057758,0.6927381970267475,77.84523520485574,0.8664276428571434,301319500,0.1113303896032676,True,False
2021-12-29,58.950001,59.099998,58.66,58.950001,9996000,0.9524493904944222,0.7446804357202825,80.62015804338628,0.8271420000000005,311315500,0.1979543425484727,False,False
2021-12-30,59.060001,59.23,58.759998,58.779999,7703900,0.9518898741835926,0.7861223234129446,80.24687947723481,0.8221420714285718,303611600,0.2312373276421908,True,False
2021-12-31,58.75,59.349998,58.700001,59.209999,10021300,0.9749057531516528,0.8238790093606863,76.68485243914118,0.7642847857142857,313632900,0.2347402769640506,True,True
2022-01-03,58.82,59.310001,58.380001,59.299999,20187300,0.9890075870650747,0.856904724901564,68.78046793578636,0.7128561428571426,333820200,0.2439056200477292,True,False
2022-01-04,59.73,60.540001,59.59,60.290001,26141600,1.0677598092244125,0.8990757417661337,74.65344609355066,0.7464279999999996,359961800,0.249517847741148,True,True
2022-01-05,60.09,61.200001,60.049999,60.790001,22507300,1.1571781051130898,0.950696214435525,75.80337337991668,0.7857139999999997,382469100,0.2508505776169695,False,True
2022-01-06,60.470001,61.119999,60.439999,60.470001,17902300,1.1885208941413907,0.9982611503766984,68.12746202444022,0.7642854999999997,364566800,0.1952790329499881,False,True
2022-01-07,60.279999,60.720001,60.060001,60.330002,12307900,1.188364801281601,1.036281880557679,80.66038648094978,0.7242857142857143,352258900,0.1902683563454114,True,True
2022-01-10,60.549999,60.82,60.18,60.43,20954300,1.182676935921009,1.065560891630345,84.81925667005865,0.714285785714286,373213200,0.123062379935941,True,False
2022-01-11,60.43,60.490002,59.84,60.450001,19369600,1.1663383526792828,1.0857163838401325,84.0101390785743,0.729285785714285,392582800,0.117939502670257,True,True
2022-01-12,60.529999,60.689999,60.189999,60.540001,15753800,1.1474253503938383,1.0980581771508735,82.59667188121114,0.7150002857142849,408336600,0.1355589518586324,True,True
2022-01-13,60.540001,61.040001,60.389999,60.900002,14318000,1.1482494272312351,1.108096427166946,84.0101390785743,0.7135717142857132,422654600,0.1368323966976913,True,True
2022-01-14,60.939999,61.450001,60.360001,61.389999,19729600,1.1748976876909438,1.1214566792717455,84.24997106249278,0.7421432142857134,442384200,0.1515887074855035,False,True
2022-01-18,61.060001,61.189999,60.450001,60.900002,21976700,1.143298727222728,1.125825088861942,73.7089486213253,0.7635716428571422,420407500,0.3359297294044877,True,True
2022-01-19,60.66,61.18,60.560001,61.0,18654700,1.1134897100214474,1.1233580130938432,73.8927900848369,0.7764288571428563,439062200,0.3376390220277375,False,True
2022-01-20,61.0,61.439999,60.720001,60.75,23002400,1.0575027055472646,1.1101869515845275,72.54009331365066,0.7942857142857136,416059800,0.2603944207180693,False,False
2022-01-21,61.080002,61.299999,60.400002,60.450001,26643200,0.9776553863091166,1.0836806385294453,64.62269268432581,0.8121428571428565,389416600,0.1432821059566611,False,False
2022-01-24,59.900002,60.349998,58.57,59.959999,30185100,0.864867094754338,1.039917929774424,57.112078162170086,0.8800000714285707,359231500,0.1882669847125208,False,False
2022-01-25,59.360001,60.049999,58.689999,59.82,19027100,0.7554761529977014,0.9830295744190796,43.799444378627854,0.8885713571428566,340204400,0.194148092392315,False,False
2022-01-26,59.790001,60.349998,59.209999,59.599998,19190200,0.6436115672567695,0.9151459729866176,33.048356506693935,0.8878568571428563,321014200,0.1533074328191885,True,False
2022-01-27,59.880001,60.93,59.5,59.650002,18893800,0.5526226916220622,0.8426413167137065,37.345682727484,0.9414282857142848,339908000,0.1026539163428996,True,False
2022-01-28,59.389999,60.889999,58.939999,60.84,19101500,0.5699660318897699,0.7881062597489191,55.9440381762594,1.033571142857142,359009500,0.1632806513747234,True,False
2022-01-31,60.299999,61.139999,60.150002,61.009998,22045300,0.5906198736164399,0.7486089825224232,56.65135931317371,1.0585709285714278,381054800,0.1843348513039488,False,False
2022-02-01,60.91,61.139999,60.16,60.560001,20841700,0.5641737510533815,0.711721936228615,51.14822738743614,1.082142142857143,360213100,0.1263200670050119,True,False
2022-02-02,60.619999,61.27,60.560001,61.18,20225600,0.5864831336486702,0.6866741757126261,56.01503837130553,1.0971420714285718,380438700,0.1349195426831267,True,False
2022-02-03,60.939999,61.779999,60.59,61.610001,19440500,0.6315805002558221,0.6756554406212654,56.58627259303397,1.1357132857142862,399879200,0.1545441151308719,False,False
2022-02-04,61.490002,61.68,60.57,60.959999,17403700,0.607863684916623,0.662097089480337,46.12612333414295,1.137141857142857,382475500,0.1826737175519424,True,False
2022-02-07,61.380001,61.720001,60.860001,61.599998,17846400,0.6334089642387113,0.6563594644320119,56.140317943971205,1.1314277142857148,400321900,0.2175026786457497,True,False
2022-02-08,61.830002,62.330002,61.740002,62.0,18771700,0.6781137276478901,0.6607103170751876,58.333330555556486,1.1392852142857148,419093600,0.2245380947208513,False,False
2022-02-09,62.169998,62.32,60.900002,61.040001,23595600,0.6288299186078206,0.6543342373817141,52.160960929812056,1.1892852142857149,395498000,0.1338513212059572,True,False
2022-02-10,60.360001,62.299999,60.200001,61.380001,23561500,0.6101736019113773,0.6455021102876468,56.888886847737226,1.274999571428572,419059500,0.1231636442341732,False,False
2022-02-11,61.77,61.98,60.150002,60.290001,22781400,0.5016517172983583,0.6167320316897891,52.2449115646258,1.271427928571429,396278100,0.0558019926100602,True,False
2022-02-14,60.16,60.790001,59.279999,60.68,23641300,0.4420216513787807,0.5817899556275874,55.6578947368421,1.2821423571428576,419919400,0.0614742898730808,True,False
2022-02-15,60.959999,61.779999,60.630001,60.91,13408700,0.4086132333349113,0.5471546111690522,58.60711132906997,1.282856571428572,433328100,0.0349253496888269,False,False
2022-02-16,60.860001,61.400002,60.560001,60.900002,15484700,0.3769844245160882,0.5131205738384594,58.25628349409088,1.2407137857142865,417843400,0.0092402774329111,True,False
2022-02-17,60.549999,62.279999,60.41,62.119999,21468700,0.4452295979541532,0.4995423786615982,58.42105602493475,1.234999428571429,439312100,0.1032892421070867,True,False
2022-02-18,62.119999,62.82,61.990002,62.540001,21975000,0.5271286301582876,0.5050596289609361,59.74524824538102,1.223570928571429,461287100,0.1798712522225437,False,False
2022-02-22,62.43,62.639999,61.720001,62.279999,21731400,0.5645464744189823,0.5169569980525455,61.2271409921671,1.2192851428571427,439555700,0.1531174445505546,False,False
2022-02-23,62.240002,62.330002,61.34,61.59,19248500,0.5323862159403845,0.5200428416301133,52.65200517464428,1.2392853571428566,420307200,0.0978271704425012,False,False
2022-02-24,59.970001,60.619999,59.220001,60.509998,27207400,0.4149683471501504,0.4990279427341207,43.43673706005527,1.323571071428571,393099800,0.1668495798946362,True,False
2022-02-25,60.939999,62.900002,60.919998,62.849998,21487800,0.5049119730592224,0.5002047487991411,59.38430579784565,1.4149999285714283,414587600,0.2517082221418216,False,True
2022-02-28,61.650002,62.34,61.41,62.240002,25879100,0.5209659936653637,0.5043569977723856,53.18727218616421,1.456428357142857,388708500,0.2528704873551903,False,False
2022-03-01,62.139999,62.75,61.509998,61.970001,15871100,0.5060684543264173,0.5046992890831921,49.84864270869967,1.492856785714285,372837400,0.2072494952218733,True,True
2022-03-02,62.23,62.880001,61.779999,62.43,17319100,0.5253245080713853,0.5088243328808307,57.38575844089187,1.469999928571428,390156500,0.2261230134538922,True,False
2022-03-03,62.610001,63.02,62.290001,62.470001,21262800,0.5376155187482468,0.514582570054314,55.98243950930387,1.372142857142857,411419300,0.162345780212882,True,False
2022-03-04,61.459999,62.59,61.200001,62.57,17163000,0.549095683594814,0.521485192762414,64.0394113543174,1.3407143571428577,428582300,0.1700899262418238,False,False
2022-03-07,62.009998,62.07,60.720001,61.080002,29151400,0.4329723747584211,0.5037826291616154,52.1692096545833,1.3649998571428574,399430900,0.1451935940405772,False,False
2022-03-08,61.450001,61.540001,58.59,58.66,30242100,0.1440098236785374,0.4318280680649998,40.14022441375087,1.4935715,369188800,0.0443882343760914,True,True
2022-03-09,59.82,59.84,58.66,58.959999,23022700,-0.0600949308561737,0.3334434682807651,41.70938676309062,1.5178571428571437,392211500,0.0230848420355073,False,True
2022-03-10,58.48,58.66,57.5,57.880001,20887300,-0.3054749074191889,0.2056597931407743,31.660905131644483,1.488571428571429,371324200,0.0503564431584615,True,True
2022-03-11,57.959999,58.849998,57.860001,57.919998,19855600,-0.4910523374053852,0.0663173670315424,29.338077403089613,1.4999999285714292,391179800,0.0033277001292519,True,False
2022-03-14,57.970001,59.040001,57.970001,58.540001,17799400,-0.5813927929512062,-0.0632246649650073,33.7954941744337,1.5142860000000005,408979200,0.0516097678681187,True,False
2022-03-15,59.080002,59.889999,58.98,59.619999,18607200,-0.5593931066358095,-0.1624583532991677,41.743494736333865,1.5400000000000011,427586400,0.0220886963585474,False,True
2022-03-16,59.779999,59.939999,58.610001,59.459999,17347300,-0.5485455677090982,-0.2396757961811538,45.23160827288597,1.4657142142857158,410239100,0.0495540927773915,True,True
2022-03-17,59.459999,60.139999,59.23,60.09,15586200,-0.4835390620803679,-0.2884484493609967,35.161288310785665,1.3599995714285735,425825300,0.0893020422578646,True,True
2022-03-18,60.299999,60.299999,59.709999,60.099998,30197800,-0.4263000612364322,-0.3160187717360838,37.701117954794,1.29928542857143,456023100,0.0688088543101096,True,True
2022-03-21,60.5,61.099998,60.25,60.580002,17440100,-0.3383056524699768,-0.3204761478828624,42.19977851844393,1.2821424285714305,473463200,0.0436870478543579,True,True
2022-03-22,60.93,60.950001,60.060001,60.799999,17559500,-0.2479592108156865,-0.3059727604694272,40.59975813134841,1.267142285714287,491022700,0.0604631579895185,False,False
2022-03-23,60.75,60.98,60.0,60.400002,15529200,-0.206257808256737,-0.2860297700268892,38.53820009344416,1.284999500000001,475493500,0.0769138783123724,True,True
2022-03-24,60.639999,61.02,60.459999,60.98,13151300,-0.1249676061577602,-0.2538173372530634,41.640369758538114,1.2299994285714295,488644800,0.0508179362460542,True,False
2022-03-25,61.119999,61.610001,61.049999,61.529999,12259800,-0.0159800050128922,-0.2062498708050292,52.625422827165146,1.1428567142857151,500904600,0.0226036034150865,True,False
2022-03-28,61.529999,61.939999,61.209999,61.919998,11485200,0.1007022808414888,-0.1448594404757256,74.92357784142725,0.9842852142857156,512389800,-0.001320172977672,True,False
2022-03-29,62.209999,62.529999,61.740002,62.16,14720600,0.2101178805183892,-0.0738639762769026,74.69140003435189,0.956427857142858,527110400,0.0118853532361573,True,False
2022-03-30,62.009998,62.209999,61.560001,62.209999,13641000,0.2974363716553512,0.0003960933095481,89.72481060522665,0.8985706428571437,540751400,0.0398384665705851,False,False
2022-03-31,62.220001,62.639999,62.0,62.0,16822900,0.3457066496497702,0.0694582045775925,86.29898893130492,0.8735707857142866,523928500,0.0240814760942733,True,False
2022-04-01,62.330002,62.950001,62.09,62.869999,12644900,0.4489871962305898,0.145364002908192,86.88249894803911,0.8614277857142868,536573400,0.007046640090737,False,False
2022-04-04,62.599998,62.790001,61.720001,62.540001,11505800,0.4984637133952674,0.215983945005607,78.51570022597696,0.8471420714285719,525067600,0.0637329022949272,False,False
2022-04-05,62.400002,63.240002,62.369999,62.470001,15721200,0.5259628227021267,0.277979720544911,79.92055650210041,0.8142852857142857,509346400,0.1162226503978739,True,False
2022-04-06,62.77,63.259998,62.299999,63.099998,19267400,0.5917700015299872,0.3407377767419263,79.92054053430765,0.817856714285714,528613800,0.1903053573265086,True,False
2022-04-07,63.130001,63.669998,62.709999,63.439999,13960800,0.6637071017338059,0.4053316417403022,81.15678968744155,0.844285214285714,542574600,0.238880404890042,True,False
2022-04-08,63.48,64.040001,63.16,63.830002,12703500,0.7436158144093383,0.4729884762741094,80.83498482349486,0.8357138571428574,555278100,0.3200185794850969,False,False
2022-04-11,63.91,64.300003,63.639999,63.810001,12720100,0.7961525800165603,0.5376212970225996,79.68448470924609,0.8192855714285717,542558000,0.3017802461075385,True,False
2022-04-12,64.379997,64.809998,63.889999,64.559998,18089900,0.888069720249959,0.6077109816680715,88.37640350760662,0.8207139285714286,560647900,0.3044982480640696,True,True
2022-04-13,64.440002,64.870003,64.230003,64.730003,11883000,0.9635257734784092,0.678873940030139,87.42518711081578,0.8221426428571428,572530900,0.3159751069032662,True,True
2022-04-14,64.959999,65.57,64.82,65.019997,16388400,1.034796837706068,0.7500585195653249,86.73686745709574,0.8371423571428568,588919300,0.2452064123224305,False,True
2022-04-18,64.769997,65.18,64.18,64.440002,11679400,1.0325760266285258,0.8065620209779651,75.50616499223689,0.8564280714285714,577239900,0.2078937640716829,True,True
2022-04-19,64.5,65.25,64.440002,65.07,11993800,1.0693250774751348,0.8591146322773991,77.29838314772311,0.8578567142857138,589233700,0.2491083590070442,True,True
2022-04-20,65.440002,66.239998,65.400002,65.959999,14827100,1.1569280993352962,0.9186773256889786,80.38904788438742,0.8949995714285711,604060800,0.2276935171310145,True,True
2022-04-21,65.980003,67.0,65.720001,66.209999,15120400,1.232321599660665,0.981406180483316,83.89700332706016,0.9407138571428568,619181200,0.2255602634250604,False,True
2022-04-22,66.080002,66.339996,65.18,65.25,14902200,1.2007659135946582,1.0252781271055844,68.888935802566,0.9557134999999992,604279000,0.1378243414533606,True,True
2022-04-25,67.0,67.199997,64.779999,65.940002,25082000,1.2174017502826049,1.0637028517409886,75.52556752704335,1.0464277857142843,629361000,0.098657394374425,False,True
2022-04-26,65.519997,66.370003,65.040001,65.050003,21982600,1.1455649300206543,1.0800752673969218,67.24602572998094,1.0792848571428555,607378400,-0.011084759767572,True,True
2022-04-27,65.0,66.279999,65.0,65.559998,16971000,1.1169110118094991,1.0874424162794374,66.71198376953873,1.1021419999999986,624349400,-0.0209193390546287,True,True
2022-04-28,64.660004,66.279999,64.5,66.190002,22010600,1.1319897595151789,1.0963518849265856,67.97389696275464,1.1607134285714278,646360000,-0.0009401169438016,False,True
2022-04-29,65.870003,66.029999,64.489998,64.610001,20137100,1.0048634591761498,1.0780541997764983,54.41176453952598,1.2192850714285706,626222900,-0.0014806778084803,False,True
2022-05-02,65.279999,65.309998,62.580002,63.439999,24970300,0.8004781531079459,1.0225389904427882,48.14813628442071,1.3671416428571417,601252600,-0.0602670795941061,False,False
2022-05-03,63.720001,63.939999,62.669998,63.080002,21686300,0.6025072477484414,0.9385326419039188,42.291679470499496,1.3864276428571418,579566300,-0.0988517545480393,True,False
2022-05-04,63.0,65.120003,62.939999,65.029999,19780200,0.5960909743442784,0.8700443083919909,51.3180864433705,1.4964279285714273,599346500,-0.0102928258641977,False,True
2022-05-05,64.690002,65.029999,64.010002,64.510002,20155200,0.5427896778100347,0.8045933822755997,47.80363626654125,1.5092850714285706,579191300,-0.048417485466734,True,False
2022-05-06,64.199997,65.309998,64.07,64.739998,18984000,0.5131910246528832,0.7463129107510564,51.33213309501447,1.526427785714285,598175300,-0.0640313324064424,False,False
2022-05-09,64.470001,65.360001,64.040001,64.610001,20055300,0.4737827348613592,0.691806875573117,47.862455198589984,1.5628564999999992,578120000,-0.0888062392275102,False,False
2022-05-10,64.5,65.32,63.849998,64.010002,21322200,0.3896448926046219,0.631374478979418,40.68768006830959,1.5842853571428557,556797800,-0.1152974420229536,True,True
2022-05-11,64.330002,65.199997,63.959999,64.309998,19648400,0.3432158379293497,0.5737427507694044,40.96956068646893,1.5814281428571404,576446200,-0.160308883269462,True,True
2022-05-12,64.160004,64.529999,63.209999,64.510002,22574700,0.3188832413840003,0.5227708488923236,46.20902120146485,1.5928569999999982,599020900,-0.1158129872317318,True,True
2022-05-13,64.809998,65.800003,64.120003,65.720001,16167000,0.392709380940957,0.4967585553020503,48.92995445615031,1.5399999999999991,615187900,-0.0572689297601718,True,False
2022-05-16,65.440002,66.379997,65.440002,65.959999,13223200,0.465220192491941,0.4904508827400285,54.72480633920184,1.5121423571428565,628411100,-0.0386596190282281,False,False
2022-05-17,66.099998,66.099998,65.010002,65.779999,21300600,0.5023700284080661,0.4928347118736361,51.18280272864903,1.4985707142857134,607110500,-0.0322886683783908,False,False
2022-05-18,65.419998,65.519997,60.959999,61.200001,31437300,0.1603950448277231,0.4263467784644535,31.169780545345677,1.7157136428571416,575673200,-0.1121249110623782,False,True
2022-05-19,60.959999,60.959999,59.66,60.0,31493900,-0.205088512619298,0.3000597202477032,32.09010176471901,1.7042848571428555,544179300,-0.1348679104620276,True,True
2022-05-20,60.490002,61.240002,59.66,60.98,29133800,-0.410922199933978,0.1578633362113669,40.29967242059312,1.6221424285714277,573313100,-0.0559653792046742,True,True
2022-05-23,61.650002,63.099998,61.59,62.860001,19406900,-0.4175334455516548,0.0427839798587626,49.2253476641486,1.682856499999999,592720000,-0.0236912512754389,True,True
2022-05-24,62.880001,64.190002,62.75,64.019997,16154200,-0.3254196870406929,-0.0308567535211285,46.23414110473824,1.6299992142857145,608874200,0.0556637083019307,True,True
2022-05-25,64.0,64.470001,63.599998,64.07,15360500,-0.2455534581555696,-0.0737960944480167,48.29983613586038,1.6192853571428567,624234700,0.0637742135732687,True,True
2022-05-26,64.07,65.099998,63.959999,64.300003,16159800,-0.1618340542352498,-0.0914036864054633,48.29986410350238,1.6121425714285706,640394500,0.0019056813629855,True,True
2022-05-27,64.260002,64.830002,64.139999,64.68,17709000,-0.0640845149331852,-0.0859398521110077,50.26534884963948,1.5671427857142848,658103500,0.0667275893899025,False,True
2022-05-31,64.080002,64.32,63.049999,63.380001,43159000,-0.0904734341132353,-0.0868465685114532,47.732177009422976,1.5785712857142855,614944500,0.0375139331588752,False,False
2022-06-01,63.419998,63.68,62.130001,63.07,15408300,-0.1348469014581326,-0.0964466351007891,45.53957553956837,1.6007142142857147,599536200,0.0636434304758689,True,True
2022-06-02,63.18,63.740002,62.110001,63.73,14586000,-0.1154261490764128,-0.1002425378959138,47.28411484237181,1.6228571428571432,614122200,0.0555919076515314,False,True
2022-06-03,63.57,63.630001,62.810001,62.970001,13539900,-0.1595217630328846,-0.112098382923308,40.11502231920126,1.5685713571428568,600582300,0.0376151655337635,False,False
2022-06-06,63.330002,63.77,62.66,62.869999,15112800,-0.2002290644172077,-0.129724519222088,38.779956427015264,1.580714571428572,585469500,0.0115109855002647,True,True
2022-06-07,62.380001,63.369999,62.220001,63.25,17886300,-0.1995269664770873,-0.1436850086730878,40.94488611704466,1.5850004285714288,603355800,0.0526842560510339,False,True
2022-06-08,62.990002,63.209999,62.560001,62.889999,10211500,-0.2254211066496267,-0.1600322282683956,58.66665285470653,1.290000357142857,593144300,0.0962772598235673,False,True
2022-06-09,62.869999,63.349998,61.779999,61.799999,13382200,-0.3300912038600287,-0.1940440233867222,59.33609149291758,1.2921430714285715,579762100,0.0864111787879318,False,True
2022-06-10,61.009998,61.889999,60.459999,61.41,14967600,-0.4394469984965568,-0.2431246184086892,52.37569008272042,1.281428642857143,564794500,0.0441251527111791,False,True
2022-06-13,60.75,62.290001,60.669998,61.34,23064200,-0.5257007179582587,-0.2996398383186031,39.50275697475738,1.245714714285714,541730300,-0.0040493190663684,False,True
2022-06-14,60.73,60.889999,58.66,59.23,24620000,-0.7556066153375625,-0.390833193722395,20.75705692487365,1.334286,517110300,-0.0371964570018159,True,True
2022-06-15,60.0,60.639999,58.970001,59.669998,19684700,-0.8920218612576747,-0.4910709272294509,24.358962703962803,1.3914285,536795000,-0.0671025260756234,False,True
2022-06-16,58.639999,59.52,58.25,59.07,15053800,-1.0365974999556755,-0.6001762417746959,20.782089822396543,1.4114284285714287,521741200,0.014262186850207,True,True
2022-06-17,59.700001,60.130001,59.130001,59.43,34781900,-1.1093379861155768,-0.702008590642872,20.60469666398581,1.437856857142858,556523100,0.016985554383081,True,False
2022-06-21,59.490002,60.880001,59.009998,60.700001,17705000,-1.0523757460857013,-0.7720820217314379,34.94382022471909,1.4549998571428573,574228100,0.0036116419078716,True,False
2022-06-22,60.599998,61.450001,60.32,61.150002,15207100,-0.95985680878497,-0.8096369791421444,39.38054203539823,1.4250000000000005,589435200,-0.0126829142547758,True,False
2022-06-23,61.299999,61.91,61.23,61.880001,17190900,-0.8181983843039333,-0.8113492601745023,39.846327096194,1.3628569285714285,606626100,-0.0037516638189774,True,False
2022-06-24,62.110001,63.060001,62.110001,63.040001,18147100,-0.6053526285503708,-0.770149933849676,50.36803364879071,1.381428428571429,624773200,0.0390410539399277,False,False
2022-06-27,62.98,63.290001,62.630001,62.91,12142100,-0.4420649779907322,-0.7045329426778872,50.20964886893593,1.3492855714285708,612631100,0.0519910841679425,False,False
2022-06-28,63.080002,63.759998,62.110001,62.279999,13150100,-0.359351770538133,-0.6354967082499364,45.04595965740138,1.3849997857142855,599481000,-0.0027859495254001,True,False
2022-06-29,62.540001,63.110001,62.43,62.73,11795500,-0.2545552829836666,-0.5593084231966825,49.19028837958381,1.395,611276500,0.0542418548826168,True,False
2022-06-30,62.32,63.110001,62.16,62.91,15514200,-0.1551898835266456,-0.4784847152626751,56.18729723381237,1.3507144285714283,626790700,0.0711057662056752,True,False
2022-07-01,63.119999,64.449997,62.82,64.379997,15143200,0.0416937642932566,-0.3744490193514888,64.77610888839074,1.3649999285714285,641933900,0.0693201904333318,False,False
2022-07-05,64.18,64.18,62.419998,63.279999,15921200,0.1077230637043769,-0.2780146027403157,58.75451207333573,1.3892853571428572,626012700,0.092007426579857,True,False
2022-07-06,63.599998,64.089996,63.189999,63.41,13450500,0.1685982576737146,-0.1886920306575096,72.96704306243647,1.2621422857142852,639463200,0.0998912485480679,False,False
2022-07-07,63.259998,63.580002,62.700001,62.91,14828400,0.174485110411247,-0.1160566024437583,67.68560429816685,1.2057139285714282,624634800,0.0356001192258206,True,False
2022-07-08,63.029999,63.419998,62.880001,63.139999,11311500,0.1954563812408096,-0.0537540057068447,73.15130525043288,1.1428567142857138,635946300,0.0337749405529183,False,False
2022-07-11,62.990002,63.459999,62.59,62.939999,12702100,0.1937050249820302,-0.0042621995690697,70.3360336426458,1.1292851428571424,623244200,0.0652338582981306,False,False
2022-07-12,63.0,63.450001,62.470001,62.669998,14731100,0.1685868737823241,0.030307615101209,62.90954952942978,1.0657134999999995,608513100,0.024708113073912,False,False
2022-07-13,62.330002,63.0,61.98,62.380001,13145300,0.1238525288391656,0.0490165978488003,58.23293054413019,1.0578562857142857,595367800,0.0289880505910139,False,False
2022-07-14,61.330002,62.25,61.299999,62.18,14433000,0.0714383323299827,0.0535009447450368,52.16137701500446,1.0807137142857144,580934800,0.10693837906872,True,False
2022-07-15,62.75,62.970001,62.07,62.5,21968400,0.0550860321324222,0.0538179622225139,45.57376011824273,1.060713785714286,602903200,0.1131019271377599,False,False
2022-07-18,62.52,62.560001,61.509998,61.650002,10780800,-0.0261594683885491,0.0378224761003013,40.76246987900582,1.0885711428571432,592122400,0.0755017460962697,True,False
2022-07-19,62.09,62.650002,61.93,62.529999,10998200,-0.0193160460800356,0.0263947716642339,51.76803644701052,1.0421427857142855,603120600,0.1548793381019433,False,False
2022-07-20,62.400002,62.580002,61.150002,61.5,11010500,-0.0958994269371302,0.001935931943961,41.96077170317133,1.0849997857142857,592110100,0.0882982039982216,False,False
2022-07-21,61.259998,61.880001,60.790001,61.360001,11959600,-0.1659757916891209,-0.0316464127826553,39.8160207106793,1.0949997142857144,580150500,0.0658341249101092,True,True
2022-07-22,61.380001,61.869999,61.32,61.59,11644700,-0.2006399658772792,-0.0654451234015801,28.100456688386814,1.0178570000000005,591795200,0.0093495937852606,True,False
2022-07-25,61.549999,62.299999,61.310001,62.189999,14941700,-0.1776488434790835,-0.0878858674170807,40.71548673847831,0.9485712142857144,606736900,-0.011756134220868,True,False
2022-07-26,62.75,63.799999,62.529999,63.209999,20118000,-0.0762438462328773,-0.0855574631802401,48.52070025557739,0.9992857142857144,626854900,0.0002604057141595,False,False
2022-07-27,62.880001,63.189999,61.790001,63.009998,12142900,-0.0118811065529911,-0.0708221918547903,50.773979526284144,1.0378569285714292,614712000,0.0701284101483737,True,False
2022-07-28,62.919998,64.25,62.889999,64.059998,10837000,0.1224416223307116,-0.0321694290176899,56.31868226210712,1.0964286428571433,625549000,0.1035020234078347,True,False
2022-07-29,63.709999,64.290001,63.630001,64.169998,13734200,0.2350598102329826,0.0212764188324445,58.553550345195184,1.081428714285715,639283200,0.1032923613493125,True,False
2022-08-01,64.089996,65.040001,64.029999,64.519997,12831500,0.3485348371053263,0.0867281024870209,62.72353369448017,1.0835717142857153,652114700,0.0521572113847898,False,False
2022-08-02,64.589996,64.599998,63.43,63.639999,15241900,0.363268595058237,0.1420362010012641,58.01526465046395,1.0942858571428578,636872800,0.0177994337467403,True,False
2022-08-03,63.549999,64.099998,63.310001,63.919998,11317000,0.3930084271289402,0.1922306462267993,60.9571828068254,1.073571214285715,648189800,0.0660948232256367,False,False
2022-08-04,63.639999,63.73,62.919998,63.669998,11795600,0.3918871169036677,0.232161940362173,57.43328960603244,1.0807140000000004,636394200,0.1333471648822268,False,True
2022-08-05,63.630001,63.630001,62.669998,63.380001,10445400,0.3634089836285596,0.2584113490154504,61.83311953906347,1.0771423571428578,625948800,0.1541117913189237,False,False
2022-08-08,63.5,63.810001,62.75,62.970001,9165200,0.3042490902235144,0.2675788972570632,53.21639359121875,1.0814281428571435,616783600,0.1452467596493029,True,False
2022-08-09,63.18,63.310001,62.849998,63.049999,7910900,0.2608131271258429,0.2662257432308191,63.157910821225634,1.0121426428571436,624694500,0.179086477150845,True,False
2022-08-10,63.630001,63.790001,63.099998,63.650002,8857300,0.2716733597174041,0.2673152665281362,68.03152381427826,0.987142785714286,633551800,0.2142512684520193,False,False
2022-08-11,63.689999,63.990002,63.080002,63.220001,8507800,0.2427840221783981,0.2624090176581886,62.442765223484926,1.012857142857143,625044000,0.1455023040165605,True,False
2022-08-12,63.43,63.759998,63.09,63.700001,9489300,0.2556737546230181,0.2610619650511545,61.74185800426628,0.99,634533300,0.190776598643959,True,False
2022-08-15,63.639999,64.690002,63.57,64.5,9863300,0.3266764708730889,0.2741848662155414,60.38648984419471,0.9550001428571432,644396600,0.2534781671545993,True,False
2022-08-16,64.57,65.230003,64.330002,65.029999,9569600,0.4208616933382743,0.303520231640088,65.4434492513983,0.9178575000000002,653966200,0.2463317216936754,False,False
2022-08-17,64.830002,65.220001,64.760002,64.879997,8144000,0.4778914181376308,0.3383944689395965,57.26950112544435,0.853571642857143,645822200,0.2569732151917496,True,False
2022-08-18,64.959999,65.349998,64.709999,65.220001,6532000,0.5442495966198848,0.3795654944756542,58.94380901938819,0.8521430000000001,652354200,0.2781511668437908,False,False
2022-08-19,65.209999,65.470001,64.959999,65.169998,8921100,0.5860485045860955,0.4208620964977425,55.83483527746759,0.8164287142857144,643433100,0.2754052675901007,False,False
2022-08-22,64.839996,64.919998,63.990002,64.199997,9087900,0.5347393241654785,0.4436375420312897,54.94697355444495,0.817142857142858,634345200,0.205512103980526,True,False
2022-08-23,63.82,64.370003,63.68,64.269997,8443800,0.4940299739878924,0.4537160284226103,53.21099587578516,0.8100004285714293,642789000,0.2398730235588696,True,False
2022-08-24,64.239998,64.580002,64.050003,64.360001,6844700,0.4636850190169923,0.4557098265414867,56.521753924519246,0.7764289285714285,649633700,0.206526518468277,True,True
2022-08-25,64.360001,64.709999,63.900002,64.669998,7913900,0.4593554272988598,0.4564389466929613,62.14683924383592,0.7628572857142853,657547600,0.2061512696133454,False,False
2022-08-26,64.730003,64.800003,62.98,63.110001,10089500,0.3262842722228427,0.4304080117989376,51.08358998936219,0.817143142857143,647458100,0.1190357691937534,False,True
2022-08-29,62.689999,63.029999,62.41,62.73,9115900,0.1879944353715714,0.3819252965134644,47.633147342511705,0.8342858571428573,638342200,0.1250039320837726,False,True
2022-08-30,62.91,62.91,61.990002,62.150002,8456800,0.0312376636462587,0.3117877699400233,38.87241346669426,0.8471427142857146,629885400,0.1532817808568396,False,True
2022-08-31,62.380001,62.529999,61.700001,61.709999,14633600,-0.1270334100832144,0.2240235339353757,38.81481325651763,0.841428285714286,615251800,0.0392953440532682,True,True
2022-09-01,61.580002,62.040001,61.290001,62.0,14939700,-0.2264533064800105,0.1339281658522985,37.04269308167109,0.8471427142857146,630191500,0.0562774498212903,False,True
2022-09-02,62.389999,62.77,60.900002,61.150002,11809800,-0.3695718315033716,0.0332281663811645,24.659652454278444,0.9007138571428571,618381700,-0.0166607870379798,True,True
2022-09-06,61.290001,61.970001,60.990002,61.18,12181800,-0.4750970823734874,-0.0684368833697658,18.494315963958783,0.9064280000000002,630563500,-0.0273619439123193,True,True
2022-09-07,61.32,62.490002,61.32,62.310001,13290700,-0.4622168192959606,-0.1471928705550048,31.875925069739,0.9671425000000003,643854200,0.0254123453624711,False,True
2022-09-08,62.080002,62.299999,61.34,62.119999,17193500,-0.4620148716506449,-0.2101572707741328,27.665704515444133,0.9907140714285712,626660700,0.0511210083771508,True,True
2022-09-09,62.169998,62.880001,61.860001,62.32,11855900,-0.4406370280920626,-0.2562532222377188,29.90128916747838,1.0271425,638516600,0.0729876914762852,True,False
2022-09-12,62.43,62.810001,62.27,62.5,13026900,-0.4045075264083664,-0.2859040830718483,36.50796245905363,0.9814285714285704,651543500,0.0259029407245716,False,False
2022-09-13,62.200001,62.220001,60.279999,60.470001,18532800,-0.5335284065546517,-0.335428947768409,26.997602905569,1.0907141428571423,633010700,-0.0722184042908182,True,False
2022-09-14,60.639999,61.080002,60.439999,60.790001,12881600,-0.6030059803837418,-0.3889443542914756,28.97525511201654,1.0985715714285718,645892300,-0.0895010445069513,False,False
2022-09-15,60.400002,60.400002,59.360001,59.529999,11451900,-0.7510810940061532,-0.4613717022344111,22.77543190938212,1.1428575000000003,634440400,-0.1049799776381185,True,False
2022-09-16,59.66,59.799999,59.110001,59.540001,20493500,-0.8577371506162379,-0.5406447919107765,27.37644305973905,1.0621428571428575,654933900,-0.0940478779881949,True,False
2022-09-19,59.389999,60.099998,59.23,59.990002,12596200,-0.89562729011854,-0.6116412915523293,32.78897025957011,1.0742855000000004,667530100,-0.0477684508820079,False,False
2022-09-20,59.68,60.029999,59.32,59.900002,11984600,-0.9222862052258236,-0.6737702742870282,34.93977516489937,1.0592855714285716,655545500,0.0035686575776858,False,True
2022-09-21,60.139999,60.700001,59.389999,59.400002,14165300,-0.9725484754070236,-0.7335259145110273,34.66138468699549,1.0935715714285716,641380200,-0.0752038714880728,False,False
2022-09-22,59.549999,59.73,59.200001,59.259998,11657600,-1.0120129836640075,-0.7892233283416233,31.43632093623745,1.0778572142857143,629722600,-0.1132204264414972,False,False
2022-09-23,58.959999,59.099998,58.0,58.599998,14824000,-1.0840491313449618,-0.848188488942291,32.26703439911762,1.0342857857142858,614898600,-0.1320840334247232,False,False
2022-09-26,58.490002,58.57,57.689999,57.869999,18670100,-1.186367410794773,-0.9158242733127876,29.024104022161666,1.0292857857142852,596228500,-0.1366531305995406,False,False
2022-09-27,58.080002,58.369999,56.310001,56.380001,23829300,-1.3718716877335737,-1.007033756196945,14.06064091089361,1.0828569285714285,572399200,-0.2076930235171734,True,False
2022-09-28,56.66,57.25,55.91,56.98,21480100,-1.4537127629678537,-1.0963695575511263,20.323348543101236,1.1092854285714289,593879300,-0.1378948026781091,False,False
2022-09-29,57.09,57.290001,56.0,56.57,14570700,-1.5339732890007696,-1.183890303841055,17.58738778471796,1.128571214285714,579308600,-0.0961675312184282,False,False
2022-09-30,56.869999,57.130001,56.0,56.02,16124600,-1.623248934308613,-1.2717620299345669,14.935080114683856,1.1707140714285715,563184000,-0.1912897169540829,True,False
2022-10-03,56.360001,56.849998,56.060001,56.650002,16277600,-1.6244391073069693,-1.3422974454090475,25.637783231571007,1.0714281428571424,579461600,-0.1341640361995772,True,False
2022-10-04,56.950001,57.810001,56.459999,56.779999,18861400,-1.5964893213961986,-1.3931358206064777,23.790850305437672,1.1221423571428564,598323000,-0.1391526236710386,False,False
2022-10-05,56.5,56.650002,55.509998,56.240002,14324900,-1.5994744142422164,-1.4344035393336256,26.26264448234401,1.110713857142856,583998100,-0.155150799539768,False,False
2022-10-06,56.0,56.099998,54.869999,55.029999,17192800,-1.6801099893866225,-1.483544829344225,22.263210332103256,1.1592856428571412,566805300,-0.2296926610398607,False,False
2022-10-07,54.990002,55.09,54.25,54.509998,11479800,-1.7656210184668666,-1.5399600671687534,16.585341463414565,1.157142928571427,555325500,-0.2401795036684081,False,False
2022-10-10,54.599998,54.959999,54.02,54.389999,10239100,-1.8220683715244093,-1.5963817280398849,16.52488657653535,1.1735714999999989,545086400,-0.2431258265785182,True,False
2022-10-11,54.459999,55.220001,54.240002,54.48,14303900,-1.8383496268085369,-1.6447753077936151,18.54218670076712,1.149999857142857,559390300,-0.2217324540930634,True,False
2022-10-12,55.23,56.040001,55.040001,55.139999,18377400,-1.777506249873781,-1.6713214962096483,25.29975137874777,1.2235714285714283,577767700,-0.2686830306101631,True,False
2022-10-13,54.48,56.080002,54.259998,55.869999,16220700,-1.651346837746857,-1.6673265645170905,33.7693185311049,1.2635718571428565,593988400,-0.2011081072045042,False,False
2022-10-14,56.290001,56.470001,54.939999,54.98,15997900,-1.604682297331209,-1.6547977110799144,33.13885247307606,1.3078577857142852,577990500,-0.2685288312332711,True,True
2022-10-17,55.630001,56.220001,55.57,55.689999,13721400,-1.493196685355052,-1.622477505934942,45.57123007508604,1.2492865714285717,591711900,-0.3250475075437672,True,False
2022-10-18,56.310001,56.779999,56.099998,56.439999,11823100,-1.3290048618938997,-1.5637829771267335,46.5994886396053,1.231429428571428,603535000,-0.3493946289929645,False,False
2022-10-19,56.310001,56.540001,55.73,55.959999,10182300,-1.2235097881064547,-1.495728339322678,46.19225200708565,1.197143714285714,593352700,-0.3230934451732622,False,False
2022-10-20,55.77,55.919998,54.959999,55.080002,16905100,-1.1971130119127975,-1.436005273840702,44.364516329388216,1.1878579285714284,576447600,-0.3293235436871934,True,False
2022-10-21,55.0,56.110001,54.990002,55.959999,15034100,-1.092590272593981,-1.367322273591358,45.983679373745424,1.2085722857142858,591481700,-0.2984993097829412,True,False
2022-10-24,56.639999,57.73,56.57,57.57,17416700,-0.8698149381123628,-1.267820806495559,53.92254989650939,1.238572214285714,608898400,-0.2244756429761379,True,True
2022-10-25,59.040001,59.110001,57.75,58.950001,28829900,-0.5752778875855924,-1.1293122227135657,62.41979718234571,1.2578579285714286,637728300,-0.0823844414356014,True,True
2022-10-26,59.009998,59.779999,58.860001,59.389999,15831400,-0.3028598122431276,-0.964021740619478,71.49903076846613,1.2257147142857143,653559700,-0.1170662874460787,True,False
2022-10-27,59.77,59.84,59.380001,59.529999,16026100,-0.0748073621914144,-0.7861788649338655,75.71724195237472,1.198571785714286,669585800,-0.1288369326091459,True,False
2022-10-28,59.57,60.91,59.470001,60.759998,12888900,0.2028382936860424,-0.588375433209884,79.30084762719673,1.234286071428571,682474700,-0.0475999569807734,False,True
2022-10-31,60.509998,60.57,59.669998,59.849998,14016400,0.3454628013542873,-0.4016077862970497,72.96836010980333,1.2421432857142851,668458300,-0.1010543433802821,False,False
2022-11-01,60.029999,60.290001,59.369999,59.639999,10659500,0.4365166942413268,-0.2339828901893744,70.01781140374679,1.1964290714285706,657798800,-0.085503865526331,False,False
2022-11-02,59.639999,60.23,58.77,58.810001,14549200,0.4366699984207258,-0.0998523124673543,62.96298549875007,1.170714499999999,643249600,-0.1443507295334111,False,False
2022-11-03,58.110001,59.0,58.099998,58.779999,9194000,0.4294204903171845,0.0060022480895534,68.12978179084311,1.1257144999999988,634055600,-0.0889725989373541,True,False
2022-11-04,59.299999,59.59,58.560001,59.259998,9725900,0.4571375139931177,0.0962293012702663,67.4146445592001,1.1107143571428555,643781500,-0.0625599469845138,True,False
2022-11-07,59.259998,59.77,59.240002,59.490002,8849700,0.4919914839501302,0.1753817378062391,65.6731992154158,1.0707142142857136,652631200,-0.0570851243540438,True,False
2022-11-08,59.75,59.790001,58.939999,59.599998,10081600,0.5224665944982121,0.2447987091446337,69.44445779915809,1.0735714285714275,662712800,-0.0129704918198739,False,False
2022-11-09,59.59,59.639999,58.75,58.77,10115200,0.4741784036797796,0.2906746480516629,69.81740693225086,1.0657142142857137,652597600,0.0047741801096123,True,False
2022-11-10,60.25,61.040001,59.68,60.880001,16804800,0.5992612011447704,0.3523919586702844,73.33967678925113,1.147857214285713,669402400,0.0061038882555871,True,True
2022-11-11,61.369999,61.450001,60.209999,61.32,18972100,0.7255309917381965,0.4270197652838668,70.0106851722637,1.110000142857142,688374500,0.1131151000260761,False,True
2022-11-14,61.32,61.720001,60.709999,60.73,16361000,0.7691266283371689,0.4954411378945273,60.37296300824485,1.072143071428571,672013500,0.0872362601676891,False,True
2022-11-15,61.130001,61.450001,60.0,60.630001,13295800,0.786540649851041,0.5536610402858301,57.52428945943405,1.110000428571428,658717700,0.0806894340456478,False,False
2022-11-16,60.790001,61.029999,60.290001,60.52,14199500,0.7824456792439491,0.599417968077454,56.02924240514158,1.1300003571428563,644518200,0.0762127421716379,True,True
2022-11-17,60.189999,60.740002,60.130001,60.709999,11212600,0.7854772244464385,0.636629819351251,49.65133169548933,1.0707147857142851,655730800,0.157962404597606,True,True
2022-11-18,60.990002,61.369999,60.799999,61.139999,10415600,0.8132030536000059,0.6719444662010019,59.64127028495541,1.040000499999999,666146400,0.1283771639339612,True,False
2022-11-21,61.41,62.209999,61.200001,62.080002,15399400,0.9006442923544995,0.7176844314317015,66.44207094906616,1.050714642857142,681545800,0.1250687948653156,True,False
2022-11-22,62.470001,62.5,62.049999,62.349998,12319600,0.9804267752264976,0.7702329001906607,75.80173868880703,0.9785718571428568,693865400,0.0642258654716669,True,True
2022-11-23,62.490002,62.790001,62.299999,62.630001,8990400,1.054097885451256,0.8270058972427798,77.07456457793666,0.9492861428571422,702855800,0.0687497429267514,True,True
2022-11-25,62.73,62.810001,62.380001,62.689999,5165500,1.1045910699811898,0.8825229317904619,75.63529550162733,0.9064290714285704,708021300,0.1041233744575259,True,True
2022-11-28,62.689999,63.099998,62.560001,62.700001,12267500,1.132361205211403,0.9324905864746502,74.80681206090583,0.9071432857142844,720288800,0.037982310293163,False,True
2022-11-29,62.52,62.57,61.98,62.48,10969600,1.1236640951471983,0.9707252882091598,71.88451367781155,0.8978574999999991,709319200,0.1053946269425138,True,False
2022-11-30,62.009998,63.68,61.75,63.610001,30433900,1.1941873611066145,1.0154177027886508,85.174410534414,0.9721432857142844,739753100,0.2231822429615148,True,False
2022-12-01,63.610001,64.110001,63.43,63.790001,12001400,1.2501906337402744,1.0623722889789755,79.39392751760502,0.8585718571428563,751754500,0.2817025927409226,True,False
2022-12-02,63.610001,64.519997,63.400002,64.349998,13643500,1.3244927802909672,1.1147963872413738,79.88163708086783,0.8499999285714281,765398000,0.2952891702999206,False,False
2022-12-05,63.41,63.799999,63.259998,63.470001,9185100,1.2974135870723913,1.1513198272075773,75.55972512671192,0.8557140714285707,756212900,0.2746700209516537,False,False
2022-12-06,63.52,63.880001,63.23,63.439999,10099500,1.2590190329886255,1.172859668363787,76.55952741020795,0.7985712142857138,746113400,0.2616281735985613,True,False
2022-12-07,63.450001,63.720001,63.25,63.540001,12307600,1.22256740192028,1.1828012150750855,78.59848890180129,0.779285714285714,758421000,0.2492253181481507,True,True
2022-12-08,63.599998,63.849998,63.349998,63.810001,9946200,1.2016145012038209,1.186563872300833,78.91791831420954,0.7714285,768367200,0.31762786805722,False,True
2022-12-09,63.610001,63.84,63.09,63.139999,13914900,1.1180573453581104,1.1728625669122883,67.85713010204992,0.7778570714285716,754452300,0.2257382766096714,True,False
2022-12-12,63.299999,64.010002,63.009998,63.970001,11647900,1.1060619287227809,1.1595024392743871,67.21309624056674,0.7728573571428571,766100200,0.2153958921448068,True,True
2022-12-13,64.589996,64.699997,63.799999,63.990002,17521600,1.085654637299399,1.1447328788793896,65.64886923836757,0.8049999999999997,783621800,0.2363405179232454,False,True
2022-12-14,64.190002,64.650002,63.57,63.990002,12826700,1.0572938860440502,1.1272450803123215,63.709673679764414,0.8471428571428571,770795100,0.232421425917888,False,True
2022-12-15,63.59,63.889999,62.490002,63.110001,12212300,0.9528254810885032,1.092361160467558,53.63323026542522,0.9235714285714286,758582800,0.2500028834631309,False,True
2022-12-16,62.75,63.139999,62.330002,62.75,33631500,0.83140057713657,1.0401690438013604,50.40782172026883,0.9428571428571432,724951300,0.1973697657410101,True,False
2022-12-19,62.830002,63.41,62.470001,62.84,10919700,0.7339719421071536,0.9789296234625192,52.99999700000306,0.9585712857142852,735871000,0.1812738488256541,False,False
2022-12-20,62.82,63.150002,62.75,62.790001,10286500,0.6452860891113659,0.9122009165922884,41.666673441728896,0.8492857142857139,725584500,0.1119500001715116,True,False
2022-12-21,63.07,64.050003,63.07,63.799999,10411300,0.6490188243527157,0.859564498144374,50.08693910019513,0.8907143571428574,735995800,0.1164455808234338,False,False
2022-12-22,63.419998,63.59,62.650002,63.34,9666700,0.6078520291788081,0.8092220043512608,41.06197092957813,0.8928573571428571,726329100,0.1213773369546857,True,False
2022-12-23,63.5,63.869999,63.200001,63.82,6463300,0.6069623517157368,0.7687700738241561,53.33331936509797,0.8628572142857145,732792400,0.132691053547538,True,False
2022-12-27,63.93,64.290001,63.709999,64.209999,7320700,0.6304593924302466,0.7411079375453742,56.8627402048198,0.8578572857142858,740113100,0.1773920532735547,False,False
2022-12-28,64.459999,64.650002,63.490002,63.57,7159400,0.5906299811105029,0.7110123462584,50.24389426928552,0.9071429285714286,732953700,0.1272430492387311,True,False
2022-12-29,63.799999,64.150002,63.700001,63.950001,7169300,0.5830072459612836,0.6854113261989767,51.11821050536405,0.9128573571428572,740123000,0.0245747419145474,False,False
2022-12-30,63.919998,63.919998,63.169998,63.610001,7650200,0.5432685532265893,0.6569827716044994,53.96291736930856,0.9150004285714288,732472800,0.0276819820643742,False,False
2023-01-03,63.560001,63.560001,62.18,62.950001,12180500,0.4532935825287296,0.6162449337893455,41.14583025896879,0.9457145,720292300,-0.0069342208693164,False,True
2023-01-04,63.150002,63.330002,62.509998,62.919998,13387900,0.3752412313263846,0.5680441932967534,40.72786828422878,0.940000642857143,706904400,0.001810667552746,False,True
2023-01-05,62.599998,62.799999,62.080002,62.200001,9814700,0.2523771928478879,0.5049107932069803,36.20953907991023,0.9228573571428572,697089700,-0.0107461534313167,True,True
2023-01-06,62.91,63.669998,62.580002,63.400002,9990000,0.2489666761727349,0.4537219698001312,52.12923001287668,0.9207142857142856,707079700,-0.001625012480856,False,True
2023-01-09,63.299999,63.720001,62.580002,62.610001,9442600,0.1804373690777083,0.3990650496556467,49.03315567672194,0.9442858571428572,697637100,-0.0756835401238797,False,True
2023-01-10,62.599998,62.73,61.919998,62.130001,10134600,0.0863994519054998,0.3365319301056173,45.34731796093757,0.9350003571428576,687502500,-0.0456886372353528,False,True
2023-01-11,62.380001,62.560001,61.41,62.009998,10823000,0.0021655230451571,0.2696586486935253,44.935046112331705,0.9885717142857148,676679500,-0.0905910737256666,False,False
2023-01-12,62.110001,62.18,60.970001,61.209999,13907300,-0.1276719827348245,0.1901925224078554,32.71028499057809,0.9850000714285712,662772200,-0.0843548279092101,True,True
2023-01-13,60.700001,61.459999,60.59,61.43,13986400,-0.2103916356082038,0.1100756908046435,36.82759347443113,0.965000214285714,676758600,-0.0138650026868057,True,False
2023-01-17,61.73,62.380001,61.560001,61.68,18327800,-0.2528598350319839,0.037488585637318,34.75784344282421,0.9850004285714284,695086400,-0.0632180161186096,False,False
2023-01-18,61.509998,61.59,59.68,59.810001,19679400,-0.4324247566884267,-0.0564940828278309,24.117671003448933,1.086428857142857,675407000,-0.1506722625764388,False,False
2023-01-19,59.73,60.639999,59.709999,59.720001,14894500,-0.5753610940923224,-0.1602674850807292,25.786185040135194,1.0700002857142852,660512500,-0.202994137483547,True,False
2023-01-20,59.720001,60.09,59.400002,60.080002,14237700,-0.6520734029518707,-0.2586286686549575,25.599012863169648,1.0778571428571426,674750200,-0.1021487990429742,True,True
2023-01-23,60.279999,60.57,60.049999,60.23,12613400,-0.6927789508851134,-0.3454587251009887,28.16537668008651,1.0592855714285712,687363600,-0.1404072173706216,True,False
2023-01-24,60.080002,61.849998,59.799999,60.549999,10103300,-0.6912488593697361,-0.4146167519547382,33.783774653033845,1.1035711428571429,697466900,-0.1716963646532807,True,False
2023-01-25,60.200001,60.939999,59.889999,60.93,11265800,-0.6518591197566082,-0.4620652255151122,37.16130322580642,1.1199994285714283,708732700,-0.1444538396630593,False,False
2023-01-26,60.810001,61.099998,60.57,60.810001,11884800,-0.6231421884955282,-0.4942806181111954,40.279722998678864,1.097856714285714,696847900,-0.1686017992482558,False,False
2023-01-27,60.84,60.959999,60.369999,60.490002,14087000,-0.6190688185502964,-0.5192382581990157,26.79425837320568,1.034999785714286,682760900,-0.1727414839371875,True,False
2023-01-30,60.540001,61.169998,60.459999,60.639999,15632000,-0.5968569438803755,-0.5347619953352877,32.50441030508728,1.0042854999999995,698392900,-0.2004557643216436,True,False
2023-01-31,60.98,61.34,60.509998,61.32,14344400,-0.5184075954195535,-0.5314911153521409,43.053161090820446,1.0057140714285713,712737300,-0.1480316927588186,True,False
2023-02-01,61.139999,61.580002,60.619999,61.330002,12535400,-0.4502387714639866,-0.5152406465745101,44.05597486431806,0.9921427857142854,725272700,-0.1302338935288392,False,NONE
